44.52884645178673 621.3848052598623 0.016105712642224823 563.0707598242328 315.22543643649664 574.7863673142255 221.4794970200687 593.8747409660656 97.72112024429066 691.7998021387037 111.55278102191409 877.3600622007027 -34.77975790056264 31.805809498334753 99.47075046468225 -6.704335379863835 0 0 0 0 0.9808850623762175
165.57557385539295 670.6505207791336 278.43466561463407 657.7319138024261 48.80297535907927 812.5711016546395 135.9511489264062 661.2519647914887 123.00680867339477 780.6393198296792 342.08999550388234 758.5145831686397 -97.42628118203689 -81.29132814205138 -33.70042724089748 32.82409621936108 0 0 0 0 0.6792099597162136
37.97196649158216 573.2568128131254 156.70140132030676 542.5137560690529 323.5150292438509 883.2023415589495 186.02332631886446 593.0452402772638 66.3271951421324 722.4886494198761 314.0988980203239 695.0346713515694 -44.17282776637648 46.589067178312916 -97.98602335138382 -9.11639483506437 0 0 0 0 -0.45715391860045784
130.7580413179937 797.4300525867208 166.41446978585464 771.3941400724383 272.11415382749766 755.3231875936565 177.89405794446085 715.3891027071186 10.183405297689575 514.9118750356898 44.07555037089859 655.1311491283143 -67.37590682537093 -77.25690685997834 -78.29960383062635 6.340109990866765 0 0 0 0 -0.276208900385707
102.27585947852687 732.1565172682618 282.4255426187311 811.8045976215319 192.4115630838496 834.9725987338692 190.6993103188855 579.3941517183722 44.62083141297398 547.9938795105493 150.0467844293576 566.3046883288696 -50.55546377879507 12.709636964213857 -64.91949938541842 48.63525454944926 0 0 0 0 1.5243634389624519
75.4640005183919 584.3717677336441 339.2302882157373 701.5013899991143 321.728569816203 855.3042816560912 0.23621162531206163 555.722669136538 40.59645760435985 887.4206061095513 248.75277770511545 642.5566567386104 59.42198962710091 48.589699888484915 50.39845232188057 -65.09082363609207 0 0 0 0 0.2374622262220365
163.40475073715223 556.183201787694 22.334195656250195 894.7274516112537 187.2580620896179 687.4743337210956 250.6515610545071 807.4548236571411 319.81375067903224 690.221376399007 318.1357637177189 766.3970726297213 26.298006833443694 -22.796613154606348 -82.64079573412295 35.47592656984074 0 0 0 0 1.2228598888203095
332.5699444884259 898.5967192660128 76.43306222798518 500.60325169337136 202.70075568919324 694.5953897061834 266.67663158728095 872.4506303088469 116.10536598512432 575.6125181845572 5.670027200950107 893.5281598738479 79.7114496651007 -8.760314419900013 37.11216389549247 -29.69483018983223 0 0 0 0 -0.12043921416717784
1.3802628054789468 895.134817616391 117.20713622270513 613.0171006266796 40.263340702127735 862.6656619270618 308.59656388818854 747.9622908933871 264.1762344650754 603.6439130583515 233.36554576054544 710.9599310511474 -93.36986252070201 -74.09532137883936 -61.20614247614478 -25.965373352834305 0 0 0 0 0.7646431136113981
13.21961875980846 768.3503281182877 268.80827735567874 810.9023868440238 331.08648160395376 665.9653167606788 259.8222967252995 509.03695935301425 159.12268356448564 747.8749724356599 309.0393669220036 615.6192818988909 -27.24595260191333 29.1220080549773 86.42671630841318 -37.47356337660328 0 0 0 0 1.8323430966538776
322.5800961994643 774.2725564083602 289.0371511603892 744.0548712240648 61.18161843403955 609.8674575698168 102.14175366647522 799.5549185192519 284.77471688716145 776.0904926661337 336.32625175825575 681.7334421666237 47.2741474467137 -90.9687776302371 88.86440633638293 30.323686957976832 0 0 0 0 -0.45921254881479956
148.2831780173624 516.1892667097375 69.76057523506375 811.3412484976059 268.453100704839 766.7395613078111 259.81724164323674 694.6245323156913 70.37427597907603 628.8381234965284 340.8453816447529 763.8172696297995 -95.40129247082298 30.976238660504322 7.2115015489638665 68.45842616758807 0 0 0 0 0.8579676833282261
3.5343712940468786 633.567685597668 98.47666731729639 796.6161865477093 200.3630350937395 715.5335866596758 272.15435267922845 821.7281462744329 359.51997050364076 529.021203571278 294.82488186791704 501.3017006935926 97.99377364759215 -46.866894523996464 66.0012003182033 -45.264340763227295 0 0 0 0 0.6221687475271597
64.27702704478656 618.8137145510013 112.09098232573966 804.79061813718 126.10807319245184 665.6074921635648 76.9815293073183 641.4851725807821 29.33039596798798 896.9627695795169 322.678439090397 544.4172575465458 46.74653506037535 41.03828146017952 7.21842521694613 -31.268166621894693 0 0 0 0 0.8500333793771172
250.40298848005975 555.8658931677279 106.64094642238852 667.6937036167791 269.1964103181512 623.5520079022953 215.72314849928256 889.308541409725 221.83421624359568 714.4784630418837 107.91983306539032 682.4635765228912 -62.042709287158424 -70.45043445944985 -18.45146004385292 -41.472369330577294 0 0 0 0 -0.32025500934672835
22.181937833560678 532.0649002969586 18.99042820417023 578.3200085873469 185.6303909183213 596.5841697917562 124.03310296050742 641.8793600528219 343.65023487496984 744.4835140252163 158.30695456982298 532.3859556411804 -72.22556315586877 13.343405123463128 -17.32501490459488 -41.12853823817102 0 0 0 0 -0.12940283322545776
117.73739977525216 691.5184229665787 218.74265017891105 630.0202791209623 94.73464108567198 726.6940801887305 207.0723255401721 833.037723088758 56.60828361406142 825.0228713805022 177.6708184730158 810.4511106777815 61.911747092981386 99.20032567791091 3.98316941277146 -41.24950636936766 0 0 0 0 -0.19905315547735514
297.50138921694287 868.3702368422493 205.24977135177852 592.3103590871443 202.3726186035803 511.7934665374185 254.722974176134 664.2217196616352 166.99671302355938 552.9434717824884 112.91863335381849 791.9729409602123 75.2417174270416 72.05711217382321 -29.94583630303839 83.1738660934167 0 0 0 0 1.4089514825709148
299.48265240014825 613.0314027449818 177.82903106908594 633.3947069350892 128.0529512961015 641.0333880265363 195.19030913296038 751.037228327496 88.65475695102144 821.3046162372311 98.3639951630576 705.2541664294424 -21.142276431437708 1.6746752961639686 25.59547650474387 -80.01064287374102 0 0 0 0 0.8403406621179246
269.2500175748405 619.9937964326414 50.79055473438583 532.5423384515793 213.3994911189744 586.8979268979772 165.12978159871352 585.7856886461716 344.0222901648515 619.5320053192937 197.1711587447272 589.1797503101652 -96.1361960821527 41.31146767596695 1.9013641040188816 -16.574446444024588 0 0 0 0 0.5353202853596151
205.67282198614063 890.1983385265755 304.3724280086243 784.3405791958885 355.1774217367142 660.3204247864703 161.68103695557443 799.3612729790214 352.0647726834493 553.9959434492528 37.01160889396854 875.6361555116445 83.65551459299388 47.97942764672257 38.363882102620124 42.43366181907885 0 0 0 0 1.9470688429739673
217.571624207201 658.6896997666759 81.12436239221384 639.7957413051585 105.7230651434004 557.6322184091696 102.20506169336228 840.3479179926862 151.9990394513998 859.3133097455516 97.41764226656768 731.5172392625701 18.02935394036946 -93.97049002135196 -93.39899404107219 77.40837963242481 0 0 0 0 1.0443594939850898
120.92349842203811 506.00651851617636 233.87557085624937 505.8532589842754 60.52076760851155 696.2411400683734 65.54138436480194 691.1009538530445 188.89287171440898 522.7047131908106 156.65361406993927 699.1577540736796 -79.20803220006445 49.025191092489365 28.354384242436737 75.11213473523969 0 0 0 0 0.3732031559801987
87.63391039333996 519.1697323309077 346.2430719118719 887.8079192853188 41.72436175431774 514.9716547388786 230.98764737379818 695.1638081374764 36.476816696933874 648.8450568575897 77.75915400943998 618.6512824800639 -72.6235236967691 81.30695720850011 -4.148494871237872 -26.47419568369756 0 0 0 0 0.27177272979439976
192.22819082678902 672.3595630504802 78.43143114744358 507.54576716366466 228.25104544257226 780.3914824632689 89.73928925019244 837.0021835237344 286.8019181668404 682.9239838337882 124.56582939869534 889.1904980656823 7.954241307701665 67.01289314697695 -33.324674654121324 29.589308500474374 0 0 0 0 0.7372804870124384
295.59146359784927 657.1407068340563 136.9672584016975 831.4809518492568 79.63329084292018 708.5136885756974 304.23230163078136 861.3358024001604 211.6474406285156 769.0555351888063 23.58904931519347 608.6847251534122 -95.83826353237366 60.80873538684716 85.04892508723012 76.226087515703 0 0 0 0 1.2204152654407787
24.199587374615245 879.8064383706155 206.73388457236933 666.5245683797967 118.3950918926348 895.5680376158758 247.34381683210094 596.6766234266805 138.92028510262566 597.5171041623868 99.25866441988677 872.3309600373859 -74.67155851547966 27.32122035220783 -64.602978822791 15.098555648615445 0 0 0 0 0.2597640535440726
262.13592630456907 811.8641832582446 324.49170498650795 574.8950246946841 85.33020661748382 552.8561964710022 215.69518007629452 857.1513699476542 27.743902450391232 655.2089548250867 151.84400634588266 502.41202953075924 13.340418701144003 -94.81194254699874 62.34626145934848 33.946030431271396 0 0 0 0 0.16433796548343732
334.7471689969279 545.2246142970461 128.50383870171464 681.64003094132 180.58452949190823 619.0248814519905 185.34370610271745 693.5292451070973 297.11643433545066 774.1209590403181 137.74253252084748 801.9651542913625 63.52651879932364 87.51889027536072 -4.3623454163523405 -0.6844154994640945 0 0 0 0 1.455442214911467
200.40596248628185 851.4150363720646 146.22468873972488 764.5015853533828 287.67773098698063 672.5825027054627 85.27914896461549 714.0118712241084 274.63123735200935 502.8967404275553 182.39750479317416 842.9921985766606 -68.672349438597 -43.32104441600229 -94.26992734369921 -1.0014599487164304 0 0 0 0 1.4805317706487577
290.92159285380535 687.3874902218433 154.2080137964676 728.3931830508516 162.94747517782253 783.8167638984438 358.6991575512331 815.6370904832755 10.466898174338564 688.1943583815209 33.88713090453279 856.8807563575098 47.18051180242327 -79.42130391499909 -97.58060047498401 -28.78722827908969 0 0 0 0 1.9067540012764403
207.79610362009302 528.8659475267425 152.5259419068442 602.5887113500801 145.7060645580818 852.9673761367344 82.96668224306512 517.7235312391376 187.15463409876983 814.4455210143792 205.0443359821256 503.7096498442466 85.51618357069341 -63.57591503223383 43.63642192168723 62.78932805313838 0 0 0 0 1.056110841458624
323.8745569369723 697.2084786823805 318.93388858185466 625.6660383638389 189.386057499367 894.9659177036818 306.1697716403362 657.5863073597137 326.6530348466334 666.1250091248488 234.73111975735824 597.7500933633193 -93.04417234620918 78.82999145607761 -4.702829801695856 -77.54470856729294 0 0 0 0 0.3980353829406966
280.0217157099286 761.6315756801448 256.7040458535055 822.9343461841179 254.26708482010358 601.3346781715829 49.712334133944566 571.5639983578596 315.37237054423673 586.796626777829 339.01762222988623 513.6694395786988 -2.531484502891331 81.74397141150027 17.89105535060918 -84.23106963443938 0 0 0 0 -0.36211382370501166
258.7401178963761 860.7661108150244 89.59241693230217 525.1007455984536 266.12120511392254 668.164858576059 10.15842165575707 821.4478577037464 197.94360053403452 825.2292343172738 349.2895856226361 761.7674209189723 -42.629402869847425 4.240411569979557 75.90966351398524 42.609524358376405 0 0 0 0 1.7082248499808534
31.34151426208804 702.3742066991202 250.1096904830973 726.9880408154636 154.36849170736042 680.7109355162545 302.9780056319104 805.7109848568219 161.47835250201894 844.1284146782419 15.413907954789249 784.0570677483573 46.1864532414493 -34.207019665717596 -73.74290259151736 -63.93110331220397 0 0 0 0 1.1571981626086993
110.1538892107825 511.137111512894 89.77200211348998 879.847620337077 44.82022942936245 581.6492187425418 239.37902366325184 842.9999244854504 4.732025871662238 603.2788181057856 357.3049651559565 711.9265287496523 1.864609996117565 4.440506676072388 25.81620993368378 46.04527888592921 0 0 0 0 -0.772638998948338
178.6296824968646 797.3231842908824 338.0470643844922 728.0950027914514 215.53284502931777 526.6351257281897 327.1345567039033 689.7144600308048 347.08055872853 849.9172091181208 170.15660408786528 874.6610507157752 -52.18280152854573 -31.45875791174018 -16.427909493975918 38.58626147838328 0 0 0 0 0.738095361472282
357.68324081386265 573.5300406008229 58.473569262936365 627.9616527881251 233.51631991597822 573.2356813677766 102.53963297005507 620.8414880112551 67.56748401129909 587.0493320544796 23.14193396705258 784.7598957521359 -12.992189218230237 1.3275470632292468 -24.12853919865252 92.45201251435262 0 0 0 0 1.559145711958935
339.82020434392746 584.9479337615488 322.1102238728082 622.8264361547681 45.71050763004981 572.8512124838558 57.897599820207624 895.1845881103808 36.137175247811236 870.0890334512403 2.0711760021990733 840.7360450028274 -30.468142992203923 30.728386284158006 -58.21922587497983 -36.41676247882042 0 0 0 0 -0.1208680954618323
260.55225514133645 726.5704225040806 270.73305507751707 863.9900088123693 149.1390711126976 687.2876834648109 95.72846770626647 526.5601624927165 45.18422968634279 521.4677514955215 76.61846064049065 585.2045129118262 82.15945926247485 6.852854303514306 13.01901919742798 72.13384162017414 0 0 0 0 0.09185702668681994
131.07315372283435 809.0450648841841 320.8004696028348 518.0885111432457 199.31662461806292 606.9869718596353 11.601533086071267 808.4431883358722 234.63858860607982 681.7722560034451 262.53596622698274 546.6951367978074 62.531298062773345 -43.68604785610026 -2.598319181441795 -55.15824468382864 0 0 0 0 1.5693530867717131
140.38832915515297 822.8065949731148 26.87456530215005 529.0649562353185 137.95687654960292 541.1288724535661 344.6307188017297 741.7068823605264 59.28642960773969 658.0767063362929 194.25766445014239 818.1929963908427 15.585940788751529 9.714861253999345 -5.382844456952299 39.51182709154463 0 0 0 0 1.292681763590069
189.19707673049382 764.7414234308054 204.61415452690218 852.4800052439203 6.586351284714178 837.7878678062477 353.82464092052686 642.5365447858679 120.97688645138531 722.6359740625553 99.61207801175432 878.4464693745614 -3.975011296774227 3.637498164525738 -31.09264858622778 -75.0533972420053 0 0 0 0 1.4213890401158964
157.1119541623179 640.419731692333 41.465052466905846 665.9924754674373 117.69562390286755 771.7170624968089 11.670204957353283 556.5605420162365 216.39488024794338 578.4183537967584 245.9397983737435 509.9300683086089 -57.44587669186829 53.351402314827766 -68.42973205533283 -39.38883786227698 0 0 0 0 0.9836299026620067
174.22351872494863 811.6644691672384 338.04360860127616 793.8653011209719 58.14252819730266 632.4218559161418 52.20937951451572 877.9850073513618 69.714796789911 721.7075576407141 16.939736038780822 722.2375011677016 -56.48888391097766 -85.42243024491121 54.12019703713514 37.68636816096824 0 0 0 0 0.032199638600373226
120.50457745341951 748.1460678832664 152.63900193977284 524.3551981651801 298.6383786243492 852.328909139768 97.70842913212805 636.7744086167606 210.77346611392895 771.8523889472767 62.69134131685241 563.2283647298707 -56.21351452342418 92.92703977749497 92.95484866007769 78.79618095826777 0 0 0 0 0.5471574090920804
287.6243384412992 702.0002048225491 124.2760829281902 520.3123607244972 89.94264136503634 737.8208770463898 4.154912320112891 824.6192708691424 263.72846582581036 555.5251612592592 12.336972092746459 893.850185918048 73.35570770991026 83.94146391186783 18.90293628740696 -91.6981111621137 0 0 0 0 0.6213109849378505
91.62201354770328 746.3415174026574 301.484070457864 615.7898988548286 359.8934146573005 599.0577383083069 23.124258470389503 884.7404695329257 341.3105174240192 532.1531777807413 321.6966263275036 678.6770820221043 45.845480334424934 -58.58354440425329 1.0857926032966247 -80.21304988223217 0 0 0 0 0.6186519209109924
127.00020190367393 857.4276879687976 48.713979547535985 675.3402259573558 220.3972686471778 891.63565017082 236.3308543294176 634.1555351571512 118.27070852310506 800.8327587483989 207.36807901982291 692.7464206497641 -96.77482091085794 93.06029617150313 37.67903177447411 52.73182178454513 0 0 0 0 1.4336550451430163
314.85979900136135 774.7844173264596 338.708029503638 734.2942052768325 356.7215027927219 754.2240067303325 42.665939325022094 529.0196189601484 177.8319710639333 834.5676066453595 92.47791618099004 610.1049563256828 -9.726730352951861 -84.62268497150534 -37.62460050272676 2.8610119416772477 0 0 0 0 1.2882213981256616
252.48189625311142 859.7848397907821 274.1512413794279 552.7175234655837 218.85001091194175 782.8950001344223 243.66296828882943 832.8947927061022 279.03208133617284 760.455959644038 18.891351985199204 853.7747491449203 -40.17281849988492 -83.41443589515563 -37.41034864812809 -52.405660905482996 0 0 0 0 0.44388279333926706
248.87948924007708 759.6247105887321 30.607783305143382 661.5662326718384 281.4220464445654 758.8881750768503 201.07417184576124 581.3302365176934 53.781960060134885 515.8183310239066 173.46282881821628 806.4185949368048 93.393084777859 -49.066640941662065 51.223156170102385 80.16586981199484 0 0 0 0 0.9354665332723018
206.44184694198938 751.3099820784096 310.54278511269666 792.6044097380222 79.87006754411568 650.4856612071126 61.8996797421608 878.7887592410934 70.56372232019858 732.1751063796034 250.48909169845214 870.0169975246583 -88.34866752540889 31.927077529422604 -49.86765087435248 61.45879667738791 0 0 0 0 0.5655564166327602
323.94360097752775 663.5277942814204 76.60529981828677 713.9416992324315 166.97135969121146 646.2658038623655 235.5834987897186 598.59773179179 152.6023037929102 779.1921608516643 220.6849325819103 604.6207308101237 -90.37914845724197 -45.29169131876325 -5.498001601467479 37.33543791920323 0 0 0 0 1.6142569583220436
0.5422479341115949 749.9785064886385 286.48881765526306 650.6629223516752 186.15706539213954 805.0655755241056 258.4787567317177 642.8559232895522 204.7546768224924 582.7410558193045 334.97094118947314 879.0751156518231 -19.003439387677545 18.37526881858895 -6.7814499206515535 0.5982184586251833 0 0 0 0 0.31247356465711573
29.17712378559323 593.4427945161899 107.04482955190632 818.8088295415274 89.22311899852207 886.9176238702222 246.20738495216372 559.820023989933 73.64052931191011 671.9465906097508 357.9408530887437 885.9799775391066 30.96247368752094 -80.46204571187911 12.706492239435278 44.54316782926 0 0 0 0 0.538708447587386
324.95399079644324 561.4887998304614 128.21763469448186 744.0540525324864 133.2544652616589 599.365012499218 96.70062163308866 710.465943531701 177.7378118170479 866.3903312602205 246.18975767316294 524.0671558070403 -58.573385048247026 -18.301981269193462 83.3410640388233 -69.72141470069187 0 0 0 0 0.0554878929001148
79.19841945086993 714.8452238645601 348.33173375252517 599.7454141390035 67.81783225258141 532.3685399228027 209.12781207756555 688.6065389970172 184.35513606738212 874.0517088110823 68.42516474961653 761.051685528384 -85.23342828044926 90.30912629597694 -16.74316071459603 -22.68980272540915 0 0 0 0 0.5868289288476255
51.8093218531945 640.7225931577145 204.60364628012917 593.0783574401597 55.93435810210841 857.3847533334229 44.01269195893927 636.8322779201728 118.65939157147236 771.6485829127137 128.67854643392928 717.172464135778 -38.9937095373714 96.45654060042452 -68.7576835827607 -93.24640127284911 0 0 0 0 1.1210434694693214
181.0520348734589 828.7003626803464 122.29397865477155 885.8891526143208 181.3394676423348 631.5978436627054 26.788443851678124 651.6106208375348 114.65395612999757 845.3989659326722 43.368343668702195 803.2060899931776 -88.010891407919 59.744701186631914 96.88617073863898 -59.50337844759637 0 0 0 0 0.7176806118467259
34.532443601145026 510.24120758012714 136.73308561880182 576.7722142589671 359.51215883930354 552.0966737225318 255.1582215574372 641.9336812240524 25.166966892771807 593.5060452443031 82.77315854553233 577.1270055803736 81.48415381554574 77.78185514893246 -97.48006027559511 -75.81246434684743 0 0 0 0 -0.888436948505064
212.89343541833512 588.1776115505589 34.97564837365224 771.0914139254047 202.04777090736894 666.0211159815775 79.84290100343003 518.2305395004764 71.8519272098985 615.231694611258 196.722575314764 871.0528076819353 -75.21044820709668 -79.56763436701956 7.0477281930821505 -69.07104267705307 0 0 0 0 0.2504573294500691
51.773585168986074 526.3514896691723 197.69302620439723 890.9187774112542 82.44557460913406 710.0710081920581 72.92969620956228 687.0059320306722 26.545334989842388 546.1832811803939 75.25298921799855 592.4595740902355 25.926393456868226 -23.47864066266547 -93.8815570045046 -47.93170487445779 0 0 0 0 1.02312986989969
30.23782447427438 885.2156038182884 127.65803701373142 532.6317704413224 170.2986277790509 676.5607081244315 86.9811022320316 884.9495824440048 61.81262008926248 620.0288885186538 245.78532539512813 863.4039308971385 3.797673836293768 -42.82545481663982 -50.3374188314115 -23.118721200560913 0 0 0 0 0.9402700037724325
123.33035577878029 795.0813477173954 120.1698466762709 749.1393782144091 99.23200807671718 628.8019456823251 30.24930609910603 877.5729852046113 103.38400639069373 705.201313787835 247.1971286227639 623.8533277445283 -93.5576743788077 4.227055575499733 68.37150852333133 -21.202105596616946 0 0 0 0 0.8057728297687685
189.95376642819392 676.6207103092929 108.94503824441409 684.8156101445039 10.683731656570732 604.1298518239353 61.8843981261105 806.9334157264469 200.73620586132355 557.1997139621603 275.10460858894993 684.1044178938165 24.201331109659336 32.586549150581334 5.507011549226775 67.56341742738528 0 0 0 0 0.734321206079322
141.66853434370893 548.0880585158816 101.77217890299544 532.2567221093223 237.51588085926034 526.9913795634444 203.73856983988864 853.5099142028437 159.7437504538602 857.0699276533884 250.73757688198395 806.877824210914 51.475101189928296 -0.09083440981147817 -6.914352315530678 -22.495677399373633 0 0 0 0 -0.09256193001463264
59.962261100816065 651.6928784218568 337.4128138631715 623.1282810892623 275.45692629216774 569.6863185707532 7.342664759550024 521.7511463191801 333.0379455960355 621.2586534905658 78.88123168254053 737.9914306752008 -40.76383947718008 8.627635611259365 -59.859834336021734 -1.8013866619979382 0 0 0 0 1.1823306064754555
35.35229496364913 613.1735383275493 303.7127825727687 613.1400440361869 5.771274019076347 823.3028699277394 6.7647055392169175 608.0895771687051 262.4290956905563 631.4687080375332 183.91626794291358 609.4624125233902 41.66991774038215 65.24260144985746 -82.32542670199001 67.68880326352306 0 0 0 0 1.585779240356982
107.38916499777605 590.5897260924588 1.8014158625200283 656.7040426826936 17.50099223985082 555.2405267869549 111.66162416277109 812.8777369396462 80.98877254275357 609.0149557902885 199.48397416443262 518.4610486301718 10.229605745344443 99.47978961154192 34.14707813994801 -1.4165325961116935 0 0 0 0 0.6231551745048651
169.41943310190356 895.7576588966558 184.18933182762208 538.5549809607488 267.52934115454764 880.414034817913 257.34038247380585 500.20569888597726 24.067379829516153 710.2828480202309 316.46666324222576 874.8525205065984 93.70867243151 29.173427443191258 34.0867490753744 -26.01644837077606 0 0 0 0 0.7172517305520714
312.2170126613587 546.464208384525 340.32893024487294 789.9258029554791 102.86893071367686 808.9897715496852 52.30774794443789 736.9392119228082 267.47893782007054 522.3979627852091 88.20754281614775 514.227020455027 -99.86505420931395 32.08694103467761 41.849378327796416 -7.46187055637246 0 0 0 0 -0.028873057758433296
70.02234862805771 717.7904309454174 205.96379650918624 753.9139833154308 167.92169902217614 653.8107560425808 110.56172380207737 839.9741493925467 160.7572157117146 548.7688221257985 102.0780779668717 790.3529261534158 -81.88770941276357 -73.12858710171501 -10.460886295401096 -17.02657873588565 0 0 0 0 1.056882827789002
204.31552085359672 583.6435373354198 335.64931711677207 664.0157131940028 232.94113135926202 827.5015238768332 284.67762930917144 660.0509624032024 356.2119044316684 655.0791385746246 137.92026941504497 846.5525630635723 -86.05021596428182 72.40189446808435 59.111876515983795 63.68269408326387 0 0 0 0 1.110793206527078
134.21108333502366 754.3347501573961 145.43663445688418 643.8349262495383 256.24934183625 691.9394376387935 305.3277443115224 753.2985188672674 129.59948535396154 574.3170912705568 262.3884470198858 784.6346262406757 -59.436659885406605 -29.458771871898094 91.33409585050731 82.31377243449006 0 0 0 0 0.718924367601224
304.9930110276237 519.4626936041609 228.92183392550615 857.665368292983 25.587041421079846 539.8567180989553 270.6974816654928 882.6979047075985 339.56825685589365 682.6776929026719 47.01956048131967 875.275787673733 -69.81449249788622 77.16140373609639 -54.780379749375555 -1.811150747723488 0 0 0 0 2.305227612139974
100.61306454663519 709.3872807793235 183.78042250985897 757.3238647443725 4.297666829767337 540.6171320919327 193.83109010216668 557.887891837257 55.74403607054967 571.6925247231123 216.1073529572404 573.6392981895631 18.97913877299419 65.79952596796534 82.10068293407141 20.050333336466124 0 0 0 0 0.16695414138082998
357.17789597075864 516.4028219921237 345.28093612995406 535.3279664439801 192.51666514186476 754.7531079654889 69.04604517714544 743.854829001769 65.1886628535146 732.1141234254535 57.84857429122054 574.1316202148016 13.652488640537811 -48.01223125996075 -81.6961187626952 18.104198687198163 0 0 0 0 0.9950381450998175
56.498174617911836 829.7807187429066 76.92988186986855 582.1089355504151 106.21202426042056 596.9158836520897 242.6939826408627 653.5341906977146 186.34105503020584 766.0369749913062 307.51388598935876 642.4967199709565 -77.53532405150965 -76.25732702808934 72.11198993172414 -34.045354463602436 0 0 0 0 1.304218670416276
240.4382267523818 789.9264265920149 319.8967848891019 657.1740503284188 93.24352780415612 718.1262275583886 108.20661604357025 831.6970540519344 37.44329552924529 726.8281538181411 9.929761409701147 872.4208203416083 65.09336074211052 -76.63103479020046 34.62495383109797 -48.944812894035024 0 0 0 0 0.4468420742723833
139.6456209514296 875.2640062762904 97.14405287385802 814.8411036580121 238.25719713416456 649.6262105068668 145.22216778550586 604.1924095759023 38.88897149221984 750.264183556083 51.28561740422987 786.247303947537 76.60926244555765 84.21241396662074 -18.42910625766632 -25.500707811940273 0 0 0 0 -0.8813175190137987
265.59197603122635 847.4066018491004 128.97824411257844 625.4975040158911 116.64503739479316 627.8512548000743 202.61526891358244 514.424651119981 244.8412544573185 614.3204698096364 143.26872404187574 841.6085241106005 84.44326251087705 20.68672963616902 -72.73845068440161 -77.69449030951661 0 0 0 0 1.3726681250431407
54.636236555741256 514.367078555088 3.2957911451187805 700.9639776470817 122.36059111731282 672.156517537231 212.54872570181044 797.7194308297803 27.47439821226889 831.6129004675663 296.06724111063465 529.2691414199952 6.087358004013495 86.4609699509412 -21.274320354016552 24.008778564032255 0 0 0 0 -0.15710856486014102
1.0963264755282376 877.8114010362831 53.040789090028554 545.7667489235512 150.59947711421364 863.5043079234872 128.3598263416273 589.4584932026618 253.24487755491384 806.7774101184448 247.86371632169062 744.619912197277 19.627443296693656 38.31774773736066 -18.859378176397783 99.3793288652003 0 0 0 0 0.1131724270311506
96.94033437241094 697.6969696246325 260.7508820856518 689.4454997946218 317.9929396435707 856.4068696056137 142.2016361535098 538.2727939110124 290.0296134665889 673.630726263356 54.12950234448063 745.1005572136465 42.30725247770715 -80.05671399940364 -95.68677980896796 -54.74457913674902 0 0 0 0 1.399516094088515
21.13938551473653 568.8434674206029 354.88001966085 732.6964367481692 232.06922607058272 728.2009386515283 115.28877040059531 533.9856575499851 290.78601127390004 754.0166412122 140.89819712499204 564.8082859963394 80.07019972861312 8.181886888820557 -45.98877881209242 21.87076135166106 0 0 0 0 1.0658464468472821
312.6560841321949 557.2157974602416 244.7058351059992 662.9411266425795 289.65177418680037 698.1023518009722 266.01292876233055 720.7974586265318 111.83111020576453 772.6811613113648 84.0338834932115 814.19206744296 -80.91268014801344 47.45245789974783 -76.8914379738238 65.8533669197345 0 0 0 0 0.7538781931155691
136.73632559026478 542.6861282385796 180.689067141539 647.3705411791224 321.28488699075007 584.2576900932996 180.25266693984088 802.0052227890044 300.0053878100926 643.3766553827795 318.65702589013915 703.1087045731826 49.43966340235343 22.24456859954722 42.934159448758095 -98.14597286963034 0 0 0 0 0.025852195439486025
130.5994114837782 795.8875500205825 186.22071032832122 836.500948903873 56.44651444627215 847.1818678842244 124.64683373648033 869.6536668427111 327.59194651110977 648.6028162568404 215.8607768836744 699.7523296968994 -40.92815039354885 -10.225710434917318 -3.9124905985495957 97.87528512840558 0 0 0 0 1.452783150884609
163.18373117905705 656.889810140788 266.89377365332155 643.5606402508344 90.84541130881858 756.9405962982889 130.75521542224652 895.399827767185 327.2825901423991 820.7394419520194 198.49391522316506 744.8184568064707 59.14829974484746 21.467734576754793 57.923367751804136 -51.7556919535713 0 0 0 0 0.966002881451705
275.96715353630213 692.8325973998453 35.66440118935712 834.2482916341007 33.75399862710219 751.8715399044331 282.68168763783615 583.9135305567418 118.02201100518536 844.0348364375427 349.20754850907167 533.5537727290939 81.38367556269591 35.07310038938405 -74.99249604410092 -84.41527075318653 0 0 0 0 0.29947846142908313
81.6581550038989 814.3904642858919 161.27359280642065 778.8477548938231 339.89713864497304 625.1388851172585 134.77915764990124 600.2641966280952 152.7024123394942 535.2109651863937 356.66469921516494 727.7738349207536 -71.12958310074958 -2.2396377233759495 30.212199261677853 -21.53831913925272 0 0 0 0 0.47926550014826663
178.66800214974822 599.2350503742081 39.65531042056221 881.2547599337636 279.1504173694818 674.5506244120104 197.7773525057543 590.1922028326402 189.22100653224655 613.8074376478725 105.22453515301041 668.272778143927 -58.43081272188686 49.79303338984772 -60.29308411693177 -84.9037109659406 0 0 0 0 1.3729254538199334
275.9657752631365 519.1664977446965 144.83818157372636 840.3779569033396 66.1603184824934 718.7302585379194 45.29862009272516 563.4123120610583 318.61474660420726 862.9648782776105 157.95402421126045 660.2416673907529 -7.7089448738411335 41.47479567589579 18.674392392479106 18.03502141736702 0 0 0 0 1.0316646076633154
52.752941460402106 832.5003920141933 351.24404987464004 705.8283054955172 142.34896493152667 709.4393837646389 131.9119798151287 893.685089964137 134.60253871422617 845.5568529291879 111.00346261061732 754.1033656585877 -30.796921235448522 51.265763142499424 62.910310696687276 69.93282377819224 0 0 0 0 0.10360837416035429
134.80545516965026 791.6816195042421 302.7059633110586 874.5913979736598 304.3003528982322 732.0559523949321 132.9152926576861 643.8558911900061 166.72007454760205 550.4242093567698 86.29085665200789 606.1748330918433 -73.23535065371085 15.583436145428834 -0.22542350810934408 -28.21627888683291 0 0 0 0 0.5863571594235055
66.05459404556882 566.4117242586127 63.39432713399349 544.695149787937 79.27011614741106 732.1546229446232 203.10082198387934 736.3329068857207 116.91313801003541 879.9869613845103 166.64121519765206 717.3142804186737 76.39158394763763 71.23801467728285 60.638502710292556 48.7489975368176 0 0 0 0 1.5796891259728876
210.22960837163865 566.3845642775062 111.85172007281288 811.049312923032 15.49809522114538 780.1922014195553 345.5633598523452 646.4300195303027 166.14936460074733 604.2965055380448 31.4061083651819 847.5263862577605 22.4251838954234 -13.040590258659861 55.726083426666804 48.59311998546045 0 0 0 0 -0.07124652967030198
138.2484837682574 542.8085662603437 316.1592756211057 713.4714530361945 106.7641289331585 889.7086607926692 104.13193869376445 707.0834701470044 111.1337461857766 792.4779983693122 111.88805455027705 501.4558670390478 40.960201695342676 7.797039051058462 -79.07831366369157 -6.319058803982031 0 0 0 0 0.7886175779825869
285.47896959707623 538.6830322950615 339.6942637673215 722.0177150670653 27.623742432363816 894.168943221988 340.1581635383326 876.0276505653563 206.1128584783432 541.5462744841208 80.52116091504266 720.4409015478079 -51.30810141365079 -93.79100839624085 -4.435438837651361 23.273390214616867 0 0 0 0 0.2410219409676692
124.88238187504228 821.6644505657786 181.3273630121418 721.6423810630429 343.19029690301676 508.8272360340976 221.89115573270152 837.972866367566 297.40457600102116 717.7864297638987 178.7022837041917 660.270180691392 -86.62365102817625 73.08606567035085 -57.527281140384744 -94.42968136582286 0 0 0 0 0.8385822488098409
308.09217697210136 707.2417086154265 78.7620373226867 504.77438187633396 43.35460996460987 649.5316360094296 0.6560363074922337 777.1021873497818 296.0517879772698 561.3195683913367 338.12461794249975 533.8154159153701 0.31822013535585825 83.73655394863076 -18.410130272786375 -97.01644254402602 0 0 0 0 -0.4657744326230142
256.96687453006354 864.530229110291 26.656126793740714 842.6494193856754 275.4218377632672 516.8906774471874 142.73836585708983 634.5763859304611 205.39732524690496 693.9369295674455 35.68844081993766 642.0924893091974 44.600937447905636 68.17279697186473 -92.45767010631154 -83.09851741395535 0 0 0 0 0.846430776502019
179.1718311341124 888.8428541697161 336.6849620608554 828.9609543041397 336.6175161322387 526.306755845422 201.8942497223189 698.91933499402 59.47374524601099 685.6504107643038 294.35046964098245 596.2697373855417 51.35493901332288 44.438275451670705 41.63533849030654 -50.68802642136014 0 0 0 0 -0.38124192944660407
159.74875180495644 598.055148737838 143.51375646597663 561.6459777066544 165.03136465943203 683.6974049191201 96.86189372003685 777.7016297241852 235.94850682167288 857.7799994238098 313.8665425101861 857.8398048006827 31.919875459201506 67.21417590557817 -7.03681695549659 -23.1138633556139 0 0 0 0 0.7468874280127001
329.4730575278638 619.9169591077709 337.34511032622356 830.3776696624341 121.35643370759782 585.7859047366271 129.19124861659793 607.8247072611699 250.31362504290303 534.9339999771221 159.4976219620149 790.7507841038403 -68.71276233859064 -47.34068713610724 37.41026902270701 -79.52608786014399 0 0 0 0 0.6678017172784028
275.1470062212424 881.223976325276 167.76136861130027 772.8845592716509 70.53053170940737 814.9538760429539 83.29834158204147 580.8154883914488 281.3551996342712 569.85072777651 358.76272260546256 895.4257565883338 -36.500714415282395 -15.00285484862735 -39.0619457830496 -72.11126316984124 0 0 0 0 2.179565392806194
271.63359077033476 546.3819861980784 206.4886738569328 867.4572716264558 231.28231477693146 577.4697117005074 198.78294471628578 726.4161361047364 61.33722757675036 715.8741170253235 6.756422962153197 567.6858744660983 83.93283483526164 -47.96038268935201 53.555645536986276 81.6151172964471 0 0 0 0 -0.17139031197213728
199.49621241392074 622.0409596810871 74.21032957710932 611.9968929612647 287.0627041149 534.9464473847864 103.26451941443995 715.2285738242432 301.8953649276427 774.0633028386976 107.19681296989826 571.5850199081159 -76.87426322815688 -82.38906622442397 76.6377322658252 71.71155668637843 0 0 0 0 0.7386100190258675
260.65747351975386 538.801322177704 337.025996638968 795.7239137631017 203.0608618041734 662.9672314211266 176.42980448220771 872.1155545644879 288.27666747321075 738.2303395830387 152.10831804278092 656.0344050418105 -77.60266739603861 -97.49865834044687 -8.51875421230082 80.28823204926724 0 0 0 0 1.6016907363886654
33.77683149025422 711.1109833937935 80.9917588906005 532.7095309202268 306.0948976454587 584.3035294334095 355.19587664339514 525.5063887368909 310.12921391523383 875.3148298840377 234.71954677462182 665.3819839136319 44.626853345130314 56.02843624982313 -80.03000343020064 6.465033341149095 0 0 0 0 0.08568113604379446
182.62676638894575 663.7715683441975 150.0388317787828 803.1353545569564 139.3917417840589 677.48676880098 296.8771915007622 672.7598943891529 138.60795689492224 568.3956798295898 117.93699973184867 656.3324313284763 28.347120470659945 73.61217107793223 16.705478569435584 -66.24371075313829 0 0 0 0 1.7910847161081107
124.2487792925782 884.6502606792761 264.3811913174809 644.948674010365 28.795896189706998 720.9818979956935 154.3797166768566 718.1242004454082 12.248022127292582 636.5956665072155 317.31686238117237 689.6917005652624 -67.72962857336329 42.523339042528676 14.06280259087626 -31.796274099637856 0 0 0 0 1.4223325789641366
138.09190989899952 805.49824168133 98.32315278047452 501.41651100028514 76.33448048833452 693.3166858515546 151.3840388000526 811.565766599254 210.7748868812325 504.0880307725951 17.62932427913029 838.0820681283358 -34.52810390712604 76.6726159631271 -58.405139768271994 -2.2681229704789985 0 0 0 0 0.6023973198435854
229.30707434988486 598.3392267260638 119.5622953370112 674.2831326473483 5.528456948164471 600.3215185006784 188.05426017137324 826.7015942146797 228.48817076210256 728.9850855214054 59.538119467898255 873.9488026236313 28.906703827873372 -62.64909562782772 -87.60953054112986 78.48600893345849 0 0 0 0 0.5920612806424109
345.7127536348013 763.3777270792264 157.67540235320627 682.2392176044531 159.98945884757183 830.387190790835 128.9286372792217 878.0296975206426 146.19436722741278 543.3712283288552 94.75048224267222 800.991939542909 50.73586340711512 80.88379561160491 49.89755599130754 37.653635712592035 0 0 0 0 -0.07682198650081107
291.9824215853973 771.659830298364 62.09741028962049 823.6791975686031 179.2732925548171 683.0613400134721 234.48761817990072 555.898596945395 5.614878868972206 761.9084024402609 273.32860087184736 574.0106647657008 -41.122719443980806 -37.58059163112273 69.90149468014397 -41.67868909894239 0 0 0 0 -0.07141808218816381
121.15023976084593 806.3167533160654 287.9380420927698 698.4801935108628 63.87754160403674 864.5714115992844 215.68750782069807 660.9659115328587 254.03364007889243 860.2366679551333 338.1312619440851 895.921300265117 14.741505430161084 -84.20251425225504 -47.31795801916911 -53.519431022354105 0 0 0 0 0.3908730653199658
249.68743615739277 889.2975503434959 158.69343259431136 777.6578798786376 304.86558215242115 688.6547018624517 145.3345873575203 577.7121030300325 277.01333923758426 736.9316220703829 162.08442778855064 520.6911168700486 92.96666223024275 72.69912808575208 60.43266751432935 56.11237157372088 0 0 0 0 -0.4848596502351412
354.2662396217455 570.1692163357194 172.07876383082308 821.6399521291248 200.8640441359768 617.3325036045906 23.865399529860866 664.3688134682686 196.91916592840474 753.3139506975156 266.502447901764 727.2793115618334 -29.92555030420543 -91.8680440190047 43.006883256591976 14.184516795218329 0 0 0 0 0.09683204970481252
331.82566218129136 673.461061605185 265.89614133538095 893.8878569220922 145.5290378694172 610.2368207846263 197.23046829401036 555.6015247106028 140.7081428238877 531.3783716219613 137.2830871001269 548.3115436946869 37.393477262162634 16.015063872423013 52.742093145272975 -37.353002776427324 0 0 0 0 -0.7074490421608479
248.6482980563926 626.6787993811013 6.1328584511075235 547.7728348541073 85.92954788833333 844.7806828607202 208.33051180424826 734.3268467142875 306.08114867982755 566.3268666497161 175.01749507057156 880.5635833952985 16.020630607233045 84.50445652007164 -76.58851181504438 -11.460658349549362 0 0 0 0 0.5259277850066807
137.6800136902307 509.488610852434 185.64945898452663 565.2826554211551 160.6564691215902 671.0846928365091 308.720512111012 525.8037065564027 63.86148959491895 780.9329948214979 257.18262765731566 518.8617063236653 9.133033156129613 -24.355728967743786 -2.1122587431897415 -91.70419858711904 0 0 0 0 -0.6875489500888772
302.80416285602666 744.6542258838853 165.9783268774531 879.4165521391001 44.55415479383091 863.4104423410442 61.00538406992636 608.6543021192422 47.86820525684952 773.2483338866575 259.6380657646779 709.359096326928 33.97873514337485 68.8552946121606 60.60045293370072 -37.21620481567203 0 0 0 0 2.1642972187164924
355.4010983344616 645.2235293298284 33.870155345254446 664.3865581867024 134.30285858384477 810.603590011913 128.28019524673869 849.849156358037 184.58903009886757 742.0752673817005 326.1101504044117 587.8155712576324 -88.06163670494615 -23.986007475064383 -67.31708701274779 50.23436284734572 0 0 0 0 2.1197364522018853
341.26250915696295 626.0575537072108 97.56884181091922 878.6646489308539 225.64791995636352 648.2629658220454 163.36845811093457 730.2644415632299 81.71192509226648 623.021056223619 223.70978733572616 653.6863331683336 -88.4013180350008 -76.55076095208184 -38.11903503797676 -57.749367895617645 0 0 0 0 0.6573799018182974
242.88079580280979 585.0412881065956 40.00301578470546 779.018662668773 278.0209581927832 546.1684238534657 81.95868280677048 541.8135606983914 211.55273829433966 812.3455658515204 305.1365563383466 622.097384939045 18.467532577314458 54.367493594754535 75.28648039010451 95.04567833651222 0 0 0 0 -0.13146146343979948
236.28712703815657 767.3407093346959 94.82823550176762 603.9440914705467 306.1304580126344 668.848597897642 294.5224495466989 644.3469960262418 345.7997615013585 636.0566592137394 273.4947253379663 581.6938628669272 -50.109605864763786 -76.88465333749288 64.14025315523904 99.22284715934083 0 0 0 0 1.8532296157035537
330.5524399747237 720.8274736510955 78.22936592940364 658.340493222131 24.852256501948382 593.6569064580591 332.3729902664585 656.9676034322486 239.0907776681659 724.617730570693 117.58517025669964 876.3328840199779 3.029234034108441 84.37331921217626 53.189003747730055 -75.8123632840269 0 0 0 0 0.24702627909283276
155.90166561192714 882.8661016263159 162.70050591525845 655.620495486634 347.24835873429373 760.0753552778342 348.53271290476454 832.0880479234106 302.11888376629435 848.1817723459695 43.797649183959464 618.5006163549201 -74.59329152095293 0.745171992529265 25.727033182030226 -22.031793650811522 0 0 0 0 0.4835972012242775
276.2066876184835 674.2551855038349 71.5850040251681 864.8239575604572 135.03689849577756 685.6982033430636 249.75830961072933 714.2681544922907 172.089641622424 731.671893667539 156.5698486188356 648.9617155029464 61.97165735084204 96.74017990491714 68.96146257774507 69.35475189759 0 0 0 0 -0.1417546145115085
180.22840208651976 739.6316591561178 250.03629316449332 651.6364224163145 287.4174446376681 554.8654169042046 17.55311135616985 821.9168106563404 318.5567614957885 898.053123336217 239.6111877953214 516.612965139337 6.149934702585114 -32.38513183426565 48.06311627692514 20.82057744838049 0 0 0 0 -0.34242817228036815
314.4834987977165 880.6015779172135 171.5015907392296 561.8198365689659 269.340281899404 613.2543164337952 170.46939627939628 665.759027218815 165.75294904390904 777.1866312675868 356.45023319005276 887.8680382085513 82.05312293539757 58.854624725853085 40.162200360820265 -37.49411388759758 0 0 0 0 -0.5888204760594018
321.46752407657584 856.3721139379165 308.5704173452489 885.7732676108868 217.11901344355638 771.8576114738005 338.90440160667805 525.4709750064218 52.572832847798175 721.3049650392225 177.90704014698318 705.4648941309831 -67.96520793419971 -90.39396127767516 -29.74092770314789 46.0545784671792 0 0 0 0 1.0498920626861332
2.6695083393103447 561.9548877133695 42.613558480251115 727.1933250183031 74.34907254228436 542.1530029688596 26.41629800324987 850.0715035603639 91.36927042303495 596.6379615869859 321.4765301102404 523.6855106061687 90.42352444772501 -61.715616303443625 66.0955268852683 -2.9936116834834934 0 0 0 0 0.3949045494897185
240.97408011816313 521.4844965000013 45.86849054666294 772.1889515777666 53.246682444038825 786.8545703726679 27.684881621895236 882.8327641894402 343.7351164967283 760.6884706131907 295.27362584011945 757.4549277694097 18.6027803657486 92.50354729342516 10.591168385808231 67.48563529550114 0 0 0 0 1.6822775316542538
217.76081936726385 773.203844204173 216.0598738790433 830.5038625290272 60.25531852696682 713.1075141466572 220.85191038403502 701.5948628583567 90.40773340000887 752.477025622238 256.9042367337451 507.75722662085457 57.74197150711041 -19.41134664951025 35.45475385359899 42.45961417795158 0 0 0 0 0.10120663891028892
138.43163629513157 891.3813677365737 48.757810478150105 822.8969594547868 183.80408687789438 810.7689525966057 124.4685038601234 562.7401169783101 275.95648380741875 537.4528557618252 145.7683044191917 882.3463889886921 -9.98755824741309 -51.45972473114553 -62.627293932214776 3.6538766325933096 0 0 0 0 0.21168646041329858
30.19337834844917 693.4533478131335 247.1984901196407 670.2240074509832 146.6608065769177 510.84889267645093 243.9871057782074 806.993673490336 314.97346915836323 553.2271279782783 253.04679381768653 829.4504369236013 -13.16509337419653 -83.23283363383136 72.73138252040755 60.55091305956495 0 0 0 0 0.5248126936405788
352.9597493958841 791.9545770211585 116.7533274243613 647.727562794671 91.77464494167498 607.3203084946012 123.95209020585403 841.8645556672634 69.90875235023722 848.7081784687915 323.44647894730196 786.2263683572478 15.75109296317882 44.765698744253456 -98.4405626458663 -89.17956538456862 0 0 0 0 -0.49446659123540293
21.882419463136852 668.9827660690366 272.2675475511088 861.3770460593214 134.46983466400147 722.2087018357918 65.35666801082955 521.7205282201079 201.00663442584957 536.608741320769 110.79231449452803 842.2779345356163 86.5564806920934 59.28082526208394 76.14573163859825 -13.236868441164091 0 0 0 0 1.0808144040307257
5.67022867905167 796.9005208860481 89.53922325623823 829.4847877026932 221.96641382227327 714.1493025622178 30.97610621268838 500.8613755593394 284.4493931185383 612.7379612479805 247.00910529209082 766.6033336200342 87.02338597482543 87.88643040067006 24.859023765504375 -80.92482936750052 0 0 0 0 0.22648286507888027
244.19357229245526 570.8931556436992 215.72848164688298 571.3883279154929 170.4990654421799 618.8983301451183 124.4090483321725 507.6114890797152 4.720090665048575 790.211712461175 107.55317200932328 717.801311757471 -99.99209422303139 -43.4837402566931 -65.93938185151937 21.879705434381663 0 0 0 0 0.5064994623588299
118.8228432597139 713.979103762719 174.98650579557446 695.708124771525 41.52705515717658 608.6987908568209 263.6175545147543 615.7019531065342 168.06684286674235 851.9502153070566 198.3665915333867 595.2305897624235 -76.27856616308819 -91.01836908244955 -99.06847418812772 51.15750957476254 0 0 0 0 -0.13124702279247225
199.40871223527324 736.8595916165018 58.294093556692836 789.2285976941114 218.78068900543389 631.9081392534931 205.84445358812292 651.557356645214 59.099207878831386 586.7326692249342 276.3970897545967 578.7072989351567 -11.383415646490988 70.05902901029643 -18.802495488738444 -58.77221542897389 0 0 0 0 0.9130789296913346
278.0675063516619 781.6440048933684 233.8131981366607 606.4137190705253 14.005912989412575 667.9937278980397 211.24398695968793 632.5416074114418 148.34404432839153 882.6168298886442 58.83729205805814 551.6440114422519 89.06368945182436 20.433608657748195 75.52827795995256 0.6574541174114756 0 0 0 0 0.16824078526479364
61.97165054433451 879.877081034077 10.619976574502527 614.7912504329846 147.5894256372789 615.381701385819 15.129864057828758 721.662806213209 91.43178562712694 791.5930337304776 138.82335347874394 674.7722790849649 -5.763461836712679 5.310269819021613 47.779484417014174 61.82688838030347 0 0 0 0 -0.1804397072893481
202.07002940843526 604.5981282955589 48.00902704013446 548.2575193421233 8.91307139433608 658.1152840831198 200.69416956169496 558.9673914522489 323.59192518735205 653.6873458439437 91.00182870985834 658.6527201766104 -57.92428787311146 83.95367030961705 33.83189623833559 70.66583056958612 0 0 0 0 0.7742500546116599
233.43512867952379 794.077700302201 337.20459330425996 869.4629651897366 23.160608362671127 529.8923333402652 239.64117572351844 521.5241483479626 292.8727927579476 578.4282341607869 205.2907315200526 560.9149224137398 99.31470787280438 61.495861945622465 -9.838489694908702 49.647099791259706 0 0 0 0 0.4207232034279218
208.16037063734967 767.2936389689673 178.12038286240053 859.8607845941926 149.55988964537747 751.969526702255 37.90380348746695 550.1895972877929 240.9638466905259 545.7076615306719 141.66256706052522 897.8567584432652 3.598552737326969 -0.6386947243075696 -33.46160053476264 64.98186604151277 0 0 0 0 0.6462289881572794
144.60000795211104 609.3768745852949 313.53766014888487 587.0391905258189 303.6990712939381 572.166087051561 324.40955183815356 733.116082926115 337.2772862915346 611.4432865216281 101.79848038023742 685.0882168330929 -39.506626214845284 49.584058664319684 -81.52110770553415 -40.397088339975525 0 0 0 0 0.8321061412605574
348.3901295826991 598.6232037686368 256.55809837957526 855.989290791577 131.4687180072466 648.6342833095882 115.4709500014236 513.7626386561896 114.64032095981008 854.1780732290391 116.3797734189404 576.4458666225822 84.27184527887695 1.2044548261476677 88.47382190006996 29.398676880165937 0 0 0 0 0.6599960777156901
208.93066291710514 644.8949576244563 25.01413235681611 591.1271490522183 158.06285156550507 599.3991041153196 346.8179107127146 809.7314145501505 283.9538699810851 532.9806266465182 272.23070964581694 759.3879250619093 44.920366052623876 0.31480059933801385 -61.182576346547776 -68.20732098498587 0 0 0 0 0.7959943362506451
329.5419362064882 893.1559722261668 255.3030004216414 806.1131262310605 152.86952912491765 779.7072022496717 228.4834172234222 660.1505457249639 222.52574759907654 626.7804453533904 352.1922192368604 513.1983447822352 -30.48578565290181 96.56137037568499 81.85357475723373 70.14424273507217 0 0 0 0 1.199014088837517
132.33616315491327 875.8280159927099 85.33196183419456 550.2610525893192 8.42966679818877 640.2897540644528 238.9225703821986 757.9510121847059 318.35645268803034 559.6185069963767 114.04383208753248 870.4948922099459 -11.075953676256802 -52.95139235533177 59.64758380324838 -17.15591321718577 0 0 0 0 -0.11014606309546882
104.17855033961143 868.0704848050472 166.93147294984465 581.9459881477392 238.81412535174772 686.4075451733593 96.36314442436415 682.89330033081 233.83929898389852 876.8267818635773 32.275499717155306 765.7167683641549 53.207211740946946 31.3894862145805 84.014599094756 -56.545859898744254 0 0 0 0 1.0873762878389401
306.2701009803138 507.1107239902969 55.21856913691011 848.020368500916 198.50109394723154 610.6911415998693 181.1501165729008 519.3841005866088 115.25652494245853 879.2123779720414 179.61255124221205 892.8642374594854 8.183724046708846 61.41953158279384 -78.16078049519497 -95.34441377920535 0 0 0 0 0.9461027893797344
330.71670134172155 716.0692704456532 263.4661874629323 844.359939378424 175.46898389920293 551.8097110744097 354.01651945111496 745.3264386382425 300.50341411445214 832.5894026857613 174.24084984582677 741.4554130815088 61.04460990817347 89.2324839425631 10.64149506013841 -74.45260079362839 0 0 0 0 -0.60138669799278
139.35296850056773 877.9341546186602 26.671903781129842 797.3122708226599 78.93685339319102 554.6934619099364 9.81360906496608 534.4446790044359 281.48501812787197 737.7233226100623 82.31065166955226 679.8401061992533 -94.19798343663915 1.6281971063877734 -92.57497497312667 -16.492475583172975 0 0 0 0 1.5995034417859273
119.0572622506983 582.1853060629969 283.7962911377886 715.3524184541876 124.54917955326354 778.1374739504109 74.7506769295814 536.4896063489197 42.0491946249092 666.3091669126984 236.19333901028904 858.0023165544774 59.61023661971424 50.80899492949672 -4.6963895508527145 14.835343371242658 0 0 0 0 1.3259629520552612
194.08929483795146 504.12895713877776 208.77573419741591 683.150760047864 297.0300469702428 523.400109431697 318.7642707491128 658.2855784861247 73.24866261100587 807.4998988862692 312.7262603237299 814.6142854920499 81.55899211010959 14.517181403717075 59.97383573824945 -12.03069344517722 0 0 0 0 0.03142765226999511
355.2465918485646 527.2574481000927 40.75639160302498 820.5233050467331 212.54186921273327 521.9963945744827 350.7171969608679 825.6427319154866 231.34170693098667 704.0795228352487 36.97670712856134 733.9367656517013 -33.96083848729607 -49.215352034890444 47.54737402498009 -61.73045401188006 0 0 0 0 0.5743055950437129
78.26173522903528 760.1781513968306 9.794757953600817 590.6286967664989 3.96382306236017 540.3485006381841 150.64103438378964 572.5880484861151 276.32505663092627 634.6500992533431 163.60032274980534 676.1470676140297 -44.84841061694964 -88.16280526445452 -64.613537352869 91.988676479144 0 0 0 0 0.4987367109255828
251.7569970023969 706.4713064551643 217.42399629182452 660.0284493503766 282.2206087738153 630.073239010002 218.2453628614785 568.5368948654675 335.8661393355716 600.1562254702314 304.21608731172984 679.9477761085701 -11.975276860394118 91.25336258962358 36.85276047607104 -67.4242190590292 0 0 0 0 0.5328327738506188
290.81937624717597 733.0357860597993 316.33950149068346 657.4803970719238 167.363222916109 671.9142877170717 198.6431106673402 667.3401596377895 287.29631200916407 596.1889577653734 136.29621331036927 704.7110817284346 74.62036272532987 -97.46386633350939 -6.71262766787973 -15.744825244468359 0 0 0 0 0.048196910890987654
324.3064951698266 835.3717014960807 19.67911303452908 660.9044013335246 144.15781779251438 579.567366462975 264.9595599254339 682.482554665656 77.50094007103795 507.81134667839837 2.3925974453920817 874.7441879172895 90.05209701371163 -60.678886572210054 29.552902648511434 -17.14630362452337 0 0 0 0 1.3710812642529189
272.0376383604312 726.3557573081957 80.24512580364694 540.6791286831092 270.86184654604637 745.6727655421885 228.56152451608443 704.8809996777542 41.584514732213776 847.0062499849057 155.5630008406615 890.3667662907508 -17.374939379536315 0.9330900425051709 -73.3881506784943 37.57045213693567 0 0 0 0 1.4318966318349329
232.73664446805617 661.4578041761436 10.707018227939717 733.084769389807 304.1585210430079 609.3667212831862 165.39383916117282 569.9848907355528 300.2503262358462 760.1142151927602 254.3744014754351 563.0555211883766 32.553111063725964 94.09355727534495 -20.29699990662641 -28.595310834669263 0 0 0 0 0.0954167414324526
99.95744104902103 668.1552176422031 235.58901432538028 581.0053944731906 68.64625720727967 642.3705878172898 286.80182625834965 879.6081206468236 147.53568123294437 571.3330964071059 137.39134749513366 524.1040679303286 -25.42135433457129 68.90400238371612 -78.57300132101577 98.86745514736836 0 0 0 0 0.9578970249827342
306.8177786089088 571.3354304414265 197.03059979499486 706.8326403751499 248.36553144366175 702.7868386932003 92.27247220876143 734.6735799815644 241.99290520896844 543.251596663314 330.80625716303376 638.2274438541416 -57.52019246599658 -50.832225675477446 -99.63487864131233 90.91196877533508 0 0 0 0 0.700782688837337
232.143431572063 785.4314060215779 55.94256381779903 697.9436452621112 40.331444622807 609.0692608525824 320.13217329756833 704.5858447555897 54.40369414062891 614.3938406465122 319.86513893036897 683.3041382978078 -8.027403211455166 84.12859934550545 89.61404721902292 14.008543989867633 0 0 0 0 0.42102342033418
333.8622959241717 593.2568405575269 22.097350771092408 633.4862821714908 273.7969788148819 843.0210253523819 222.8030896618911 741.7908265208005 260.01152074588555 545.9315904800824 123.58748096905715 853.962371365979 -52.89350756255891 34.357137556029045 30.71513231311107 9.136421081078637 0 0 0 0 0.7257435801862313
352.71026616451326 862.9921448789416 232.5899386842478 574.4425745934261 354.7662676447178 839.7900963058264 63.16241786561319 758.7936884839851 316.97562326742985 725.8261983864973 159.0871757487615 584.4262648855671 54.176734597323616 -88.67138700823443 87.16782102077076 -40.7691762039305 0 0 0 0 0.505941916675779
166.16990086706014 714.6689492953066 74.87440453014014 702.0683467051987 253.64570153242175 608.900997180917 61.779254505391215 507.32240303662235 158.54088430317123 715.6422290742751 40.652840486607126 842.7677868542842 -84.09708264653383 -97.75985102050919 56.33501044462102 66.05682208486223 0 0 0 0 1.0104778717073808
97.79053951953165 516.4843559467213 54.3906958929591 889.3827233607597 122.97493449324206 782.2089794039622 232.93140943670642 590.4147520366893 192.69728872524487 612.1737161485626 216.9587144454998 642.0362248848544 -74.33233317081618 90.99709212750011 -59.84516812763929 -73.45751963145084 0 0 0 0 1.1430021917556341
162.8085259594446 860.8565525116073 269.9067898496985 674.6752389001064 305.72773682135977 817.3243057256609 264.80666711214025 831.0963318653517 275.05854301265356 538.1962623048327 252.83480389557792 611.0212179090308 -30.68753162814562 -19.30443457802123 72.0488164088436 56.2178955858503 0 0 0 0 1.2875780761836797
302.4687351309355 692.6066184093999 335.26476575268543 735.6022645322039 187.0538826047111 788.6966219187593 174.11981168461423 650.6871766524774 207.78999669137406 524.6782897987983 220.27647709145015 858.2166836348702 -53.41286564665737 78.63675559597704 -0.7500196586051544 5.436875915789031 0 0 0 0 1.2729961121654254
219.8568284633186 682.104340383584 16.45373655115418 704.0594558482394 186.19790918932154 851.9355374118111 127.96170415970695 808.494325603451 305.1117667545428 741.2410261901515 88.52700523618435 726.901715904939 22.307316394339665 96.17145096474314 -18.19035173162888 13.525606906686534 0 0 0 0 -0.2880460241181724
208.97785315996776 853.4940701486809 108.37922708463527 635.4990828634791 85.93896903847407 838.5739364827107 73.85353029470392 823.2740336118063 22.97878405416133 538.6247092545024 313.6758785512099 635.9077093643353 -77.48574908827453 -78.33303336099945 -77.75536322040037 -39.25242747973889 0 0 0 0 1.2333245924098803
141.01840426638242 576.4391886736564 127.13051634145747 862.7593304393538 38.06411289189995 627.3377264351313 14.463050245136998 539.4283935558137 245.34983051948777 832.7938847895887 202.3100732788786 698.6113329492573 23.175753360676026 -26.300641444586986 -37.21384959470235 0.703759559418188 0 0 0 0 0.1658390500147282
52.595555032162466 694.7083087187739 268.15275574315933 825.3407651249266 225.1208359267322 667.4968395828292 189.4862145746151 543.4403943369476 257.2391437743628 554.4787939021753 159.68521769795933 868.0358417460643 80.05873676090485 -4.630971683971552 -14.110142222773476 39.08679480609092 0 0 0 0 0.5733191680660075
160.01960049801994 775.9068629740254 258.11988884818146 711.466448215872 167.8075470151205 513.9103113838556 58.846375124952964 642.4403320104616 191.41798612335168 862.7103866588354 69.7561057421061 616.1356871520942 -58.12227965032566 31.271564594589364 48.14261718460628 -1.261391232475546 0 0 0 0 1.469981290800256
7.972881866332586 809.0877188910252 156.23696773917075 693.4454575022517 37.073645947073736 575.383305830506 216.99875703411573 588.3948396720423 58.24722613526497 745.0565965920149 230.282146565859 895.7775827392541 -63.3708035617411 -31.221744128422003 68.95938745382674 9.727071341805484 0 0 0 0 0.9328074692454436
129.6499473071383 590.2340700355619 315.5285365645648 755.0462300421193 16.377685096261896 577.9822228905243 309.85144095671217 527.8306652396309 183.50254556986252 845.5977410668621 62.69225794864476 726.6953671823167 -69.92494428932721 71.89107969369189 56.24007667398999 -95.55091295188124 0 0 0 0 0.6907039784129553
305.1317926788687 675.8142943721404 284.9741253942496 642.2068585267203 297.9299998237381 861.7739989368727 160.61943818562568 666.5910329556478 33.70373949011927 791.4461034422798 318.5145118854063 618.6475159718801 -30.959680306868307 -75.21051453824967 -99.36126475348618 -51.97027472416222 0 0 0 0 0.6530053126128211
231.68671887419006 836.2806431800415 122.77444840524922 743.4661270532483 125.56641673721816 527.8085406874401 52.452286140013584 653.5018145482852 263.64521849373176 886.8240847222935 313.6631055599855 684.7968346099476 -24.460171647321943 -9.024234275393567 22.24191986223491 -30.826098352423642 0 0 0 0 0.013414637894504366
183.22953854121428 801.2289489146128 295.5385835552725 864.5862958763745 244.88836573008246 871.6231499369335 266.062857807215 578.3554959339149 129.7750745080477 855.7718768437155 138.83722318096662 627.8368283230204 81.14925110550112 92.18534934967761 -88.99129324900075 94.70233257103311 0 0 0 0 -0.8640764909686862
292.88005659442024 758.695560417734 350.22644402016965 684.0791022463318 88.60404235933525 648.6175316491397 223.9948535060719 536.6292829915392 173.62192332359413 886.8171724754986 358.4236060077827 671.8654771231364 8.718817039622166 -45.30604190996084 62.68639788911406 -71.82364512518215 0 0 0 0 -0.373007408589237
127.06532003929284 851.2982465035641 85.99647563987595 684.7083972991679 94.46724166914267 740.3727930149602 211.96575629623976 822.0016677721736 358.1371375264899 633.1927288528416 311.314676255085 872.1458950111652 -61.63131432499818 -27.016981613416505 -22.077964503303903 -93.90038584391232 0 0 0 0 1.2116231989003605
155.76575425826408 869.3264652040491 238.8001861837527 889.566811711086 336.40474769280644 672.2418609071149 281.2036712006457 828.1588890633368 356.63714558522463 894.0046887693336 147.8489864099028 581.5680787396235 92.08020223778894 2.8517498701665005 41.41463606969782 -72.38359281048837 0 0 0 0 0.8144362319207903
352.1264971726649 874.0786600390766 279.49874449549895 798.7124699566446 162.70434616913715 549.0893990032166 67.24606848523162 527.6279132665978 85.75018947908111 586.1347196376402 225.21984690947818 770.1315197218441 2.992482441040508 70.29968079788094 -17.18497722188262 -50.26139379954495 0 0 0 0 0.5876438033074691
159.84945287573896 543.7699862170485 237.46540834907185 757.7818552705005 348.3870422577284 708.3892209243268 129.6338766131548 600.9883221750434 5.725612877477744 833.0980088509862 300.3414530977374 590.2904194607385 5.521243370687003 -40.99148202129754 -7.6772261760167595 -82.99456466537502 0 0 0 0 -0.40581682763030935
5.384448056270865 792.6120302325896 335.9410447538461 536.8097624009899 41.60582074382916 730.6074796548087 159.4823639798239 506.46258424702967 62.30744873333652 870.5188004266636 336.27860292863915 525.5504186411306 -62.437161144669126 88.02953737124042 -40.78926533756646 -66.52561042218461 0 0 0 0 1.5580306205928331
278.2003162585756 677.0988179717475 217.95955124593658 571.0015974279686 211.01980417143133 874.540319148675 316.2403894054425 589.5101478079373 314.7901787245904 841.6646399507274 219.23464839630017 848.0754179298459 17.62570284616247 3.168416830871152 -38.57209757229276 48.77148752405421 0 0 0 0 -0.5015431325972028
315.6291608071809 870.4255565154567 343.4028188833582 735.6916790415285 314.55077220453603 671.8844066487858 31.313683445561807 514.9463648368278 81.60861093678031 707.7716730590136 63.975332378788025 808.0627571802052 13.576584653416361 -82.46266772968326 70.07570576158119 -60.368429708518455 0 0 0 0 0.8971245455301857
61.788661951674065 878.2807746075207 88.02750116044533 536.5564109873741 323.221243975017 688.0858481067253 26.477746421525023 745.5345822968798 12.103390158757414 707.014830233996 343.6768006103235 717.3659150327408 51.649622112583984 39.61355229642351 -69.39308634030914 -6.531668621404947 0 0 0 0 0.6415970701750103
218.56057262526178 700.9215140150782 258.0330255264203 793.9490820957471 331.13092519103105 643.9602126217517 46.372425959118175 511.9870456926455 146.0702721845307 600.8743099639098 84.84661443714062 714.8613376679871 66.38774603565014 -14.569167227482922 57.47421512513637 -85.12531149782168 0 0 0 0 -0.43446609811323267
214.4492277919968 654.644507842898 324.1084973298551 882.026138068892 33.497502084666344 843.902956787991 122.64389650264015 809.1729070630952 23.638130081987285 732.3834087323189 203.90467406339985 687.2465055794188 31.563094123211187 53.94565349745483 68.92835176157897 -36.08056399076822 0 0 0 0 1.3091936934342687
249.1128876004942 851.1505912406316 122.08693421117307 537.862578088404 218.5581613748912 860.974707882609 94.89439442967961 749.6700379661993 172.6977318465076 690.3967570110365 241.06568946099227 736.8449183583774 49.91708752729272 27.858320604754724 16.072441241744386 63.592500128871876 0 0 0 0 -0.6319230461721832
300.98938602489824 841.2318636102085 149.1457825108935 558.460007408673 231.12005523637623 574.0931025105051 343.9356888861405 539.8076779416517 104.7299733210124 753.9555907174855 138.502923502967 780.5918760343889 -84.48381182575461 -22.75541705796151 -84.68506170952723 -73.43055081844736 0 0 0 0 0.4910597357512665
155.25383324329204 585.6369198826492 281.2553779790219 767.2969133523707 244.99194616996212 607.9764957209654 336.9369981420215 781.5312744244801 155.13687927170443 533.0605706783531 271.05866986145395 604.8581675281285 -52.913473718013094 -84.23654758438694 -72.21977975676516 56.819150089837564 0 0 0 0 -0.058165650183338524
238.5238364522647 897.4068328831916 45.850282449579936 777.5940927857578 132.24078833094342 609.6616696561633 121.42878652888939 848.8447218504556 71.57035762869447 831.8689673261462 291.1873460899967 570.2681810387546 -78.95540246797842 87.5064748264108 -85.06444430768718 -50.88277530069192 0 0 0 0 0.579795275615291
75.96502438019448 574.2950692736591 291.740436136966 663.2654377585063 120.73304425606783 841.8739051320588 62.03764156496062 645.5247544982668 123.45143445158551 567.8161223309762 79.35493381121867 668.7331233437955 47.71200588350504 -51.99549928533735 -70.79307451571559 -59.896237558460456 0 0 0 0 1.1098925558083035
103.97446975741934 549.0008357405483 285.31305716505994 604.7026967912053 237.86744594981894 758.0601734156072 100.48381599904775 838.9780250456527 83.67271481284227 775.0114825142366 271.4481683152927 581.2531042864283 -17.851030642449615 -46.970888703614875 -7.206148166807196 -26.705449540266216 0 0 0 0 0.5390515526231097
31.995194551715592 714.8234576953782 344.9327224727667 691.0049703980708 79.76745411045535 816.0456979036342 250.03361941520657 828.9378370644141 93.97239013643224 539.7913626198956 206.15659603376923 823.8673350709308 -7.142678287041676 -19.96148752043831 97.14233581903414 -76.22820921656752 0 0 0 0 0.8397402283054082
330.7714317626421 800.6616036455068 38.00124064721171 782.094726014681 322.2053200499355 771.533886993328 169.53084205065292 858.3078794215266 161.71723335597568 744.8687573942068 235.8648179418901 720.2668215602548 -84.74399826854284 92.09646758286948 -86.41769370242802 7.199748212345398 0 0 0 0 -1.1865523364194355
151.2688294795302 779.1228651819689 64.32729504521853 504.47829748171864 168.93973688032273 521.4724781708121 88.08497451495234 519.6819962504632 181.96879804806238 528.094243361226 83.3398490795637 548.1948498084726 -9.348252190227655 -13.599823637049795 27.787752464085486 -61.55726312174781 0 0 0 0 0.24085038844980738
204.03883065589008 510.3517385411663 251.1263507583553 528.8075598113318 257.6189588577788 762.876426526323 142.52051075757433 548.5109884431542 109.18255170670565 612.2341009358531 77.63683046433219 532.683122466908 30.047172470608956 -86.2545303666436 14.59844525286968 23.803079418555 0 0 0 0 0.5455705483018587
152.65594017931264 617.205532249245 144.9551533344586 738.4381418617816 92.65049132246749 776.9408297802814 108.8450937787227 816.3431991658383 217.30389908140273 626.7453817136969 90.4123467800361 790.551298817866 -7.1801078022566 49.302949771878616 37.43225992845086 86.0643529785456 0 0 0 0 0.1947027611449788
357.34726196755605 726.896478137148 43.03154276968285 581.9034999575198 47.09348518372624 886.5226575982208 311.46581097044617 785.7498961151501 81.3228614920406 502.4292785497805 138.53605976120497 734.158764037767 76.76029495318801 -81.2891842010527 62.62893070505379 -80.57624487516412 0 0 0 0 0.15387326189386652
149.3420779674171 724.5642635046547 314.8175139468116 532.3875241093672 153.1136387679277 878.0496920198665 276.2857260168863 661.708244050971 208.93434226251406 574.8283137329831 47.790232743028305 786.601443689693 -54.5518904228772 85.47628704448803 -81.37989767060614 33.35445841476317 0 0 0 0 0.29235903193781776
12.511282234076218 850.7695064477725 184.31972666849614 602.3111601203939 139.71413330932853 892.2987249843108 333.9656042219221 658.4314052550584 234.52658691656293 660.6189824875755 15.990715527451167 862.9897585971069 15.324800534245014 43.69493326785337 -53.87553706190893 20.77815658501798 0 0 0 0 0.27653331216506516
293.63290146581375 740.1271947440558 214.888690682479 828.8339351939546 313.84292491513366 857.9053798616089 294.1491808580946 646.6399661063872 69.47637577445224 708.1143154169265 4.834637996482778 826.6914040151503 -78.33450019360959 71.40365897564155 -20.944077987244427 73.97422120117403 0 0 0 0 0.3293714876665046
101.74485918644655 850.8299399547573 221.2165165190343 676.8493577309381 214.5613310222361 520.6747401285131 349.35206065135395 867.2241582349354 265.2580163609596 607.7435948310634 16.63938948207808 723.8895323002055 -25.93972900802804 -8.689581500239953 -81.81593261359632 86.39368626098207 0 0 0 0 1.700247657900279
136.96502947006118 888.591480299041 353.05152414178866 500.8868327742884 293.44010204113124 649.1846127746097 238.11408189182052 752.5976565377839 126.04402103967716 573.8749061431085 138.00079213912716 802.1880304481767 -37.24166927341257 -19.997504586784046 76.92901525568777 61.91875136873847 0 0 0 0 1.9092844009149021
105.32723966017191 502.1149686188833 39.46350481657524 618.7458341216737 292.38963734850824 529.9481816368963 146.6736447991736 762.9778760189004 137.1158203835594 580.9872952666502 333.4377083243945 827.126880688864 31.553154146815643 33.5016736229974 -74.67009615285201 -54.66515627838638 0 0 0 0 0.29506098409414133
82.84433867078862 635.7012983759192 266.74853642711423 836.7393819028816 106.31392563563142 860.8206231768847 71.60377503279416 751.8575297998337 296.3006364609105 841.0813517685773 18.989609973144177 881.4710205238514 46.85384739873882 -98.3212105509079 -95.68724919173435 -70.19611312717915 0 0 0 0 0.558822980306684
192.18479039240822 627.4273117055236 100.33777616973721 809.225078929226 206.6229935358666 616.7631028937287 161.20096858936822 733.3153280755013 289.31327541221157 768.9990979032676 292.72607187835354 529.9938624441127 83.4940904762222 -6.539566288013063 70.26750939425023 -46.16659270824732 0 0 0 0 -0.1645710993871301
136.72282691072257 666.5572732372101 192.36793487135884 858.7917582754767 176.48300824583296 581.8943298932476 125.15608326497465 646.6893936599511 163.6188849820309 711.5795870825224 305.0448799614156 776.8881819608358 65.43466829860569 -1.6292063617997314 71.31432701306704 -71.07000058285317 0 0 0 0 0.3059545689783667
314.44341204795836 632.9687786520827 295.1010713389208 851.6874181004576 283.7689826149988 760.7298607277914 278.97280810911275 866.7543519742828 54.73571310665551 720.6708619620993 11.539520359050863 831.4967209280991 79.08992021659546 -44.20893476260621 -24.13918057558287 -50.24441932644943 0 0 0 0 1.646037062255945
296.8934411175651 739.890278770458 17.68370293740734 637.035435763438 38.06550721900653 876.7511735355866 67.76735181615676 650.5689673860467 62.636366891399334 532.6544932824993 15.051646085340348 520.1376764173316 14.45419304151396 77.94617788887157 -60.77176898391785 -20.950257924003907 0 0 0 0 0.6632126874255992
197.66638722607135 845.26341613932 11.363696741661826 791.0964473016966 161.65917629462078 856.7805964825509 218.67224647592127 777.3736742735002 152.16515088334293 668.0843440256219 195.225010163533 618.3480235285065 -12.883020225079036 33.502199991636985 -16.331187474571536 -57.75638955017679 0 0 0 0 1.2188284046505569
101.53546345038446 698.7166442896856 193.4290399164 643.7696116754166 278.11562014844543 838.571351224804 275.3284707914744 564.6385234577638 53.24088036521351 555.1148049530254 112.52725062761148 610.5633695959305 -95.50950655251627 21.34663240151815 90.83426960098714 15.750531565987686 0 0 0 0 0.8901337804273168
68.8952388826385 895.3274105173366 108.89488624624491 520.4932753297275 111.25605665589146 788.9309058368713 14.82804690746741 679.0781971068927 213.24395402193477 763.5738622274703 342.9565446168501 760.1630322341707 -4.047181183065703 -37.100508608154215 -90.76623751340449 -78.66833352610685 0 0 0 0 1.6254936482419926
349.3572032086481 567.4870106895174 164.94497232708596 575.9766677620175 0.05990724042569173 639.0814411433679 232.57691344711967 611.5730936085004 216.53988827355923 702.2731781034124 92.65597175008817 724.7372664230297 55.86712344480483 89.32892363625888 -13.605457633400619 0.8445419436608148 0 0 0 0 1.486235891867663
169.8850801222993 722.6781076827311 57.14866389516109 792.3051733480007 19.084993151022623 739.756255343243 31.710674003889604 615.711060785229 146.65225174013977 887.5242764112529 290.35065641076613 798.6921725688665 43.63610486006297 23.13302615189285 74.05224473988613 -92.23694017697773 0 0 0 0 1.9517007609562362
27.937972718801795 706.4499824326838 104.43344245483796 581.7520069897104 177.7951554959628 809.6866216372573 158.85409037097415 563.0116110558281 301.75590017019806 589.7095600259829 227.03665023627772 550.2042161465206 62.43349159834207 -61.82144177691173 73.40437951847608 -63.87880497841763 0 0 0 0 0.9422428577278434
207.6797264288909 593.6590081291818 204.96893917574025 638.8229551001543 156.0798222474042 770.5452664914703 217.4382684396574 797.7466504606152 327.816760250153 809.9127897417263 78.29386478305365 523.3702114006483 -0.18775347106117124 -35.45604623045352 10.786332658316681 -79.31638815628833 0 0 0 0 0.12003452774562318
101.0636567605942 815.0707346067804 75.88749052224881 621.3491848714306 167.86960122183388 834.3029085711337 130.14515888623197 697.7263444623234 91.16090886432464 735.6677658210662 300.91876343476457 672.0591383402143 32.65633085749889 -53.18769303143183 -32.95257219648306 -21.66029652909498 0 0 0 0 1.0703497004411548
282.8763311153204 523.8722356324091 206.97833566297774 764.0615624255094 331.22455609376266 838.7396849313895 274.63933780044994 823.5864567232112 38.903390245077915 804.7024102397464 127.96549988671421 691.796030658359 -55.758588688191814 42.45840427948298 -21.45200778838428 11.606519630634125 0 0 0 0 -1.0348570225001243
190.5144842744159 766.6593467583441 353.5900654227576 882.4699123292673 305.0114461417338 686.5885424604606 205.74966905137825 868.0736508959542 279.16102197287245 608.2984867764626 141.1686797119502 811.822294992068 -11.071646037940596 -58.66939030521816 -64.84968640993534 18.995854283288182 0 0 0 0 1.8174180275998995
356.9090402291222 673.923890013054 248.93595823752125 565.9121850244377 289.62375400404443 827.7580423712686 52.78863194721602 584.8761193430211 95.2204940311724 780.576468176768 92.7290959047129 639.1008697405402 -79.80625090777383 90.24318238525532 -87.81941606544305 -49.01193421461569 0 0 0 0 0.6678446054078683
129.43894681610917 595.0286627469854 302.1084027782794 773.0829310890724 62.232171508672685 589.2109244137786 83.69129496268687 607.1085315077206 311.6380993477343 893.5493298372403 150.1336104042655 509.51881367897926 81.54290254428273 62.32554330255081 -69.00200291848562 98.74898929901482 0 0 0 0 0.38997241460119125
261.3517248732412 675.6172153949033 248.98378708604255 807.3070756798415 344.5642481523569 823.6912976837423 258.79154976623727 512.1275222187346 284.2916003264257 842.8022825917694 3.9284252829694344 642.5365893348068 62.5163700267469 -82.50988580174909 -34.396904573013316 72.1357663867523 0 0 0 0 1.249622081606753
170.37179662324155 560.2229633029102 0.26749742472895743 678.5419208535201 138.23871922779608 600.791523921316 237.72798626708888 845.6311943710762 45.27504683659972 828.9630601811259 266.5024669768579 590.0832824017201 83.79011066585883 73.73110494637947 -37.62993031360673 -17.61164734632301 0 0 0 0 1.1787708917298227
69.81804882402567 756.8877679210444 285.16530141193687 894.1679205117248 289.618261475285 835.4535064914987 212.45384199562065 637.3136053398725 29.32117604207688 579.5644697440391 337.45934917508777 552.1599657625967 -27.00478978655528 97.42877478676942 -14.259538891463848 94.47733717451803 0 0 0 0 -0.6246749522925215
305.7796408603416 630.8549664270004 287.8437370347555 895.081101382287 156.1649059676525 873.1116248548527 195.8885939522095 867.4998582751216 93.48331112214672 597.0476184169834 291.0997991857956 514.6165394874777 -44.094295033654454 87.25925209044729 -25.922738500425453 -97.25865431758922 0 0 0 0 0.3700294343997551
118.97788373691144 791.9527527265114 193.15970210617851 559.1291023042161 67.69113327114026 597.1422260708874 309.0199193967925 780.6292188617118 128.31842071867757 551.3883324886049 284.83791100007875 697.6862079483576 -94.98553643054153 3.348526264611877 -60.22621506896857 15.55979873855027 0 0 0 0 -0.25356396802794734
97.07180790876285 730.601684795521 202.2874365392157 808.2399087066367 121.23466882950456 719.7468187976376 340.9276518234194 528.9797527639371 175.18864227934495 766.8654950516311 70.3105870487446 615.7334295617665 12.19050825316262 -99.38775497399293 -73.26251093489518 -69.5773559880248 0 0 0 0 0.9625289429650032
137.88308443458791 807.0486962802934 7.98818668736522 530.7290327039955 355.8204535188121 515.0344847234421 317.06166812247085 505.2013798241259 344.73867533509645 569.0452798770007 307.52003500556793 750.6565098257707 -42.67166504704092 30.057440940645563 29.744617460264237 23.613880043709656 0 0 0 0 1.7632932082144965
95.38942672091234 834.2727851734322 23.916386091984748 837.7771378177115 45.77746916216629 666.1079205547181 261.11161677750545 531.1516351888118 38.39545764871937 598.308244160267 297.40723420996403 844.583297488499 12.73845671446665 74.82100966835588 -7.261629077783738 -81.81654485346736 0 0 0 0 0.5499880256368004
153.4385310022992 575.8071298767883 301.2522006800312 841.1682883847961 46.77556288108726 850.3405947490618 55.932480269735336 528.3510197245383 342.475814036058 651.7291442042147 241.98398346067924 898.5241224015339 94.32860661616553 32.137256703448344 -7.851651607413771 58.703526396607316 0 0 0 0 0.18260830863572075
303.83781947541365 508.59217643997783 70.8800697182122 713.454919962011 314.7736817487621 880.7675091238991 327.8632701618217 872.0169310300239 286.85064417904056 848.845861283951 57.590928352353934 752.9730377995359 81.14749442265529 -1.575225188408936 70.36612460200956 -69.94820035261309 0 0 0 0 1.1464761302423359
299.1356338731249 536.3894890382504 181.0255991012706 794.6860010811583 126.43805098718954 881.1707640929346 192.05230853188007 657.389157552247 221.56844057330457 616.5992343582208 222.48107221988104 586.37772701405 55.35653250152791 -93.24233302882814 18.835028654360215 12.377704134354033 0 0 0 0 0.09421587380741991
27.5778254654006 708.8001026896154 235.66158294484245 694.3153154706068 232.62572849201894 829.6678693429891 255.04087070388252 770.0882559452655 78.26374079476179 627.0574184563609 328.3156034724105 591.5347103969391 65.30820516538796 -52.365031443607116 -40.902508017545046 -46.47089851745383 0 0 0 0 0.08568113604379446
254.836659769614 822.8614931136769 336.3972332369902 713.4346209903103 45.116328800986395 854.4610944180504 327.00048317239964 785.7559117012155 320.18437853258854 599.257635394287 225.28837374792374 746.6755630093035 -34.86254266934104 41.50453729544864 -57.968155702371014 35.32398069183529 0 0 0 0 0.3148324117777157
114.11700166474586 893.8000517068481 184.63238587414338 568.9385044248176 142.2060474913142 552.4173271614147 22.795399602075644 860.7402092116947 225.7712138123007 593.1246658049236 276.7641586055245 823.321662220568 -62.00427856959245 -73.26631506797531 93.3419430453954 39.41950062792563 0 0 0 0 0.4441830102455252
178.28525372187943 512.4200014183408 76.4229338534464 509.9648509234355 30.703479662652818 691.1682615453398 300.2455363968446 855.6955800609462 1.3500457426571533 586.6311526247567 160.07355382728798 552.9589355813584 61.715833452058604 -3.500851108208664 27.010933004616618 21.725570625104893 0 0 0 0 2.2447982377231495
142.2472206376149 551.8962958967854 295.0992541460065 616.2013732977175 197.46684876010906 674.6907869006524 24.726658208715804 564.4993188611912 6.228728205692939 755.3247740845943 278.99428657213883 612.8430153128452 20.073202308449197 6.128057869132647 19.86616168572499 79.21370047704985 0 0 0 0 -0.09367702138073442
84.09969994038109 830.3525374057098 141.89723897248638 733.1192656892166 229.34155812621523 890.8250684499071 222.13382891868073 668.3199838065271 84.3595807662035 631.6484201520998 354.56147097546494 572.5759316335185 -40.31853999254431 -2.546229721199552 -32.26157301258384 -84.48945301234063 0 0 0 0 0.05690320117247483
357.719805861339 743.6667013637527 265.50243901658837 576.7015263677313 77.58420800321186 879.3987728746629 157.33728609354034 635.7673862262309 175.5396281586972 799.8518756468003 312.0236831350863 754.8374259058866 -38.348002739661766 65.17817741888857 -71.85216399686661 95.79240548637523 0 0 0 0 1.7563882193705584
67.72874292368539 870.2502573991881 48.9225272282887 542.8410425564604 105.88861008812283 885.8073559514435 52.837002648637934 805.2690824723113 80.22828539337934 839.564583533926 31.253314067379453 809.2672836889819 -85.81137034014506 37.618850472008205 -25.27667975779309 -0.29632840156719453 0 0 0 0 -0.24734518925545645
143.735401771448 642.5574092730825 99.28166698444493 513.0223860408945 303.5130163280275 879.6321380037143 155.1034382656791 532.2599263631761 317.74757806766246 657.6771335753401 40.06219297699329 564.8154966568359 -49.70413511306584 -66.56923809448745 -72.00839875809713 98.67213950046582 0 0 0 0 1.1374696230545904
318.8316677830296 531.1021555287666 118.92258440837635 707.6885296008353 308.31944770809565 619.3550214057487 94.71237094913702 898.6496323158565 54.630144624021256 552.3969504807585 342.9251766693243 841.3598980276192 80.26912588666283 -94.2134760324879 52.83507858343961 51.35313251800247 0 0 0 0 1.1264473737819687
146.1648319663845 708.5200579384309 67.4501445531116 519.735560815424 20.885289717567346 836.8875910607279 355.9072375620523 821.3464058908008 300.59581925769317 743.6532379984084 249.4611200660912 745.0670753767499 8.569590017253503 -6.906221955991171 26.082146706628137 58.82382198449665 0 0 0 0 1.573513235329862
271.14979696632224 569.0463528955208 354.29224107337154 825.0396296316926 278.4208708927605 828.3391130439292 22.222566909107396 592.3128398099435 149.0764781245531 885.9723137863746 308.67441755137514 628.6174240045709 -43.78864157807265 87.51239104836662 -70.6039101095898 -58.18329266484208 0 0 0 0 1.2453332686602074
286.2185940003259 663.3653198900304 284.4797809289377 621.7296474504446 84.4543893731267 542.0862458400902 70.34446481388156 560.3733176438899 47.323550682970534 550.132813459416 214.36559640274018 558.7319713238279 -20.37726808486366 -55.28153717555349 -76.30943400643596 -91.02648631935469 0 0 0 0 1.007733031421592
341.66555195802977 736.388563096612 21.24910058409445 697.2576345512797 190.89049705153954 754.0667267146837 216.55010318460796 660.37547506538 116.87895449468859 683.2160114123154 208.38075412180794 873.9119050010238 -44.76056089488365 -55.276893624322376 20.5199656438175 -79.05366541214865 0 0 0 0 1.285433669710407
242.27528100034306 668.3370384460209 227.59922601025946 811.2499849891528 211.20475015449523 736.2853854687049 95.60345629871323 787.5727146900058 185.91731490811662 721.1693925039368 211.66306808280487 720.9782253824476 -54.855483423338725 -98.97006496674227 4.448258886185144 85.17685608953536 0 0 0 0 1.1705363708724557
229.07367322385326 774.6255172576128 280.4162255200046 854.0704189910945 99.15649524306372 656.6112424981227 232.3042950535858 707.63050714802 81.42025232629436 769.7788729577401 212.7210043766013 811.5608174930461 -77.34500579300921 41.51837390394883 55.73832433134692 -94.91685505494681 0 0 0 0 -0.13695114401137765
303.3025579340656 670.9998195441334 136.92563645609414 705.4565241463653 185.10916502157525 512.844683526236 300.716011562572 740.0178355840428 111.82098599431686 737.5052679406001 197.58461635264402 616.0529556410557 -28.899899829598198 -60.36165657512527 62.074511714736616 -31.34070667405284 0 0 0 0 0.6016682216426726
285.6130746931742 896.3817810258253 310.4939394373598 720.9820450056008 160.9846224185706 848.4829769742857 5.228050949553573 501.6523589857015 302.7881994749207 778.9407291698938 47.12530947641451 801.754099741496 -57.64844836574709 85.25188497241291 66.54421271122158 49.647190936490176 0 0 0 0 1.0242878493952572
89.47136302191018 750.1343376971336 233.23679145299994 540.5848073276461 173.76355004291392 841.8526151157462 158.17268318604292 609.4752007177635 25.220485861010097 820.2344845775394 256.368531658899 859.0877169239855 -83.95625913892191 -29.996171191294934 76.88642127342357 53.0103347018682 0 0 0 0 1.2201150485345205
311.4805556822961 675.9984559309474 34.50944240530209 778.4315738119883 172.26329180754828 535.3046290053284 220.27909494687302 625.7375993052709 59.96857556131882 783.8763501874619 83.8336006863581 665.7610710301244 -99.73265117814918 -42.98883399315403 -14.580886920583282 -67.70387024380946 0 0 0 0 0.3134171035053557
241.15760890130056 575.9825257306394 14.22388072302816 667.0733494128806 41.76772812485521 685.8990486703951 63.84068623246473 557.7518499811797 215.6492778199967 615.855672360908 256.8159379968829 856.9355909614567 -9.91185128899042 44.27921458459656 98.73803957950287 -58.70740243746013 0 0 0 0 -0.05156087824565858
248.56827369616434 620.2699965770278 337.84104053846875 862.4414546927826 35.95798328249985 557.7158935381439 49.12779482599572 650.8824943688326 31.203119049642606 691.7791427376251 137.11580736831564 687.5860679040006 64.15967072920964 -35.479910719388116 -4.447284057651586 60.63232590663438 0 0 0 0 1.4574150688668779
69.17020591824465 625.7741687980931 23.036251882470435 871.6695503298633 11.991847786336391 540.2383506268875 273.6050411867143 784.2641735305858 348.81124181485364 836.7304020626073 40.543861766992265 756.2800407295467 -58.268780276427435 -80.09643096791027 -35.244929208459965 -66.53085997737719 0 0 0 0 0.6005102421471054
148.18422010978853 792.3193693934097 133.14586351009692 610.4118130784996 192.41713736313588 661.8436388573633 195.47534596967458 523.6037879300787 57.30790341860026 749.4448958945146 203.60882527466032 703.347937050486 -85.58427346290702 -15.677108295974222 40.42651162071681 69.84808724695725 0 0 0 0 1.4926691112874813
208.66219825885233 535.5501515187543 123.09460475223494 891.752535488589 196.42123541499367 694.049217041781 35.22184126457712 842.3150769033118 267.9701337277887 567.5722590933517 345.6381973819024 855.2460219092894 98.63752595137296 -31.27873604876865 85.6180425814309 79.92886176645749 0 0 0 0 0.4073849951641656
305.55325760270586 619.7443255821164 143.46311269905323 505.4017763623289 221.3955534648732 720.0214393351908 26.89052239762518 698.2741015888771 167.41855856526757 683.4020315036921 94.46955554987788 711.0100642436873 -70.457449373016 26.469112137525713 -65.32196665943135 31.091745718050504 0 0 0 0 -0.08432740915726544
310.6542438638571 600.3314978721567 309.74343430692295 539.939498593091 4.913107924343114 709.2135053656037 300.96385887411606 899.2220820687762 215.80807544146975 603.9362114465498 322.6186249016089 611.9671983253119 -29.801362174071414 20.503456249328565 -4.095363342401484 59.72696709570499 0 0 0 0 -0.8749700758529115
302.6838424294893 563.7755775359726 338.53218185205327 866.9525866696038 75.76079978951353 543.9568010722605 286.34599549586017 810.0751787752758 132.84388223733757 585.1420950645676 294.30941195651707 829.7631246096144 -9.160123813960325 58.63901217600315 -5.388391975974358 81.92443976752992 0 0 0 0 -0.5574692534201549
60.840051767805534 588.6431425180442 259.87246435405467 645.8888292434219 276.8942158991353 541.3600665425622 261.07971794849846 576.4783653850213 326.4647821019097 532.1722033341553 221.01444529801154 792.621919586983 93.62868916895849 32.318692111039496 -17.83226748065219 -56.41022009738408 0 0 0 0 0.2503715531911382
24.839294492986333 571.5671553528272 132.1827319257136 657.7412115721274 31.96607842115759 844.9394749646779 11.612727898433501 618.9987029227309 83.22112768640817 741.5785549774171 58.228193569561746 652.5793802440677 24.057828300173597 11.215735374507858 -88.83991218900272 79.96702856386665 0 0 0 0 1.8030933923584378
219.60920681319084 517.9937145756751 154.0322675157274 558.6833246070856 83.82659461159996 628.5021560773491 244.55368763026416 856.8828953332079 190.00295183020867 801.0421993876419 286.738496750704 759.2835329153631 -69.11863181175772 46.74961672750371 -69.2969079513887 19.380860003001658 0 0 0 0 0.03730332600676234
238.42529736337696 702.5424473577939 99.76154308916999 709.6877086204295 163.72493942380257 757.7206556613644 33.12026325626458 657.9759537737651 118.68026494584598 874.4736645028581 93.52554734538128 672.3209796289914 -57.86023838112821 37.618900226723156 58.41897872851462 -58.31588285828497 0 0 0 0 1.1609723180016593
227.9492039928045 592.929889521178 303.6444226908422 885.3491757199483 325.94587415909984 578.6323375151259 84.80030249412269 518.1411994358976 188.4575915780581 868.8177224548142 288.5472706184089 754.9260222850069 -44.98970653158034 -55.1304180582201 -32.037492641829985 16.410961501761918 0 0 0 0 1.0275044591051663
253.56082590552722 708.3996643287945 279.9878426073267 653.7240024117227 74.88605626385832 573.0020613439659 85.83372536049123 738.9617186389337 256.8599824494321 828.5260214603495 178.83377297256845 683.9570276830252 -61.12733379877218 -18.146695650781936 -8.803795916131605 87.90911962098386 0 0 0 0 0.6403962025499776
298.52852666975275 887.3659107914661 298.1339208869594 672.4677279158932 10.267749694423255 727.7137524034154 289.7025452690729 880.4582154991613 265.0305308676297 544.343871599597 202.9288551866182 664.0236129369462 -52.667890525618844 24.286123090264738 67.17373553009068 70.74264414010679 0 0 0 0 0.5179077047966407
243.52246620362962 533.7334062255244 310.4317917323627 573.6354897513489 79.89038235761713 665.9903462249517 98.57694070697877 832.4349562614444 107.57587478060147 778.3743198145579 243.30883561336435 767.208624625646 -47.438047785172486 72.6675672394997 99.923652644063 -39.20808599077048 0 0 0 0 -0.19523611195492974
314.2598961105177 623.4661382252926 108.44839395703502 550.2595804132853 235.7341006044925 775.574570129967 55.913239704657194 897.5989842870101 313.93352221415785 546.8689496424996 182.9525783182681 776.1933620842506 -43.644905009655986 65.01443843550499 27.45470415835554 21.46755007018035 0 0 0 0 -0.19150484469143525
288.0674948787545 614.9152518412304 43.91065965461466 748.6681263685798 45.989032835782176 736.2073558618986 153.18661521317208 526.958950382116 236.45136235863492 655.350227835967 1.9041952803339868 603.7542643834335 -32.1164558699316 -47.25103008428822 24.937748737867693 95.12623329276718 0 0 0 0 0.9375251634866435
80.40576368042835 583.5642313988519 267.169916969259 841.1640791555765 292.1520086752195 611.5615433835843 237.9027302554901 717.8156104803961 83.25927994916597 777.1077540279243 175.11953547002045 802.6498192945148 2.7790152562785977 -89.27607822604583 -77.70049351299961 -97.20387992364903 0 0 0 0 0.47424758900080854
109.58720822217728 706.2163185892716 100.13229687033335 556.3180696657475 116.49388640460738 652.728737014962 160.16724321293623 526.4172544387419 251.90200512587919 839.0058035041907 285.39781170461805 880.3112649597409 55.65710006689659 -74.2030068503442 -67.91609957102511 -29.229976611534013 0 0 0 0 1.4160709120621802
93.06458424044055 696.8429775281434 44.10485190461286 889.7733314920843 261.52576215519866 736.6055022061366 342.59916986895496 572.9922176068069 66.49164657481327 764.8856303196039 265.83929387646447 881.2910882793333 15.483132943728165 -69.67490666538902 -38.08056164277727 16.617691821910725 0 0 0 0 0.215031734511604
263.40726728508764 520.203300197831 275.7674654064799 819.5166888833697 335.40710677594564 817.6336842270641 150.8220728903832 688.7929678322116 179.91811677172672 747.9901253903877 1.5494801550709392 561.8896483495213 -66.639028262447 2.2092509309400015 69.85117881529175 61.36083207043205 0 0 0 0 0.0013630735147117656
111.67057968518121 633.1290316486545 148.70424656518472 554.2679113682019 264.10708675923263 735.7117677216731 218.18190198934096 596.2283440974765 251.8779633262547 877.2439253542896 266.41292479646137 836.0753245955008 -7.589115978635164 -61.38845077719826 -20.910547656999086 84.56315662192318 0 0 0 0 0.3207938617734138
17.133018920393145 546.2934025318257 29.06103789611858 751.6319019028447 271.66542016431384 585.9767228289406 158.57940039484689 510.1537818672389 352.0498137407402 670.5677644576024 103.36876136827567 507.9582141763941 63.1903699514705 93.72510840891499 47.96322722396596 92.11654557342814 0 0 0 0 0.48960153934944106
340.8604943145185 760.5644228119236 349.162609581378 566.165604841645 184.93577811843423 680.2436913668158 71.11179853322378 535.5464444485448 64.5492557749119 520.4694310439106 189.9622565926622 668.6130739099162 -99.24921232864887 -11.175648033709649 50.1603588746128 -6.955712785207396 0 0 0 0 0.318263462134952
20.165484854245964 841.6421004094686 25.69257527781563 578.1448454983504 99.59118724538452 525.4674976713566 351.5814527328481 796.5088680874755 300.2798257012413 826.0050649761426 236.5278412995744 855.1661699325464 32.337741960813986 -98.26200223315857 1.4950264687445696 -60.51894593067255 0 0 0 0 -0.14145439760525036
277.70740198289207 810.4257118752178 331.01066414593674 760.8669628511425 228.155666899796 596.956458184327 300.52052729918967 803.2255259103573 174.56100384038018 896.1812562870801 78.60749961599444 854.3914002180923 85.05544626198511 -42.612997701104824 45.16567116107797 8.334065138344755 0 0 0 0 0.3460120818991008
51.628242995512565 821.3103457110944 328.52232359952757 516.9409064109994 351.0422882779544 854.7091842466403 332.03609085958266 715.4840683030227 149.31967763754727 638.0940278332423 158.56335296508416 665.5622454575744 76.13989446792007 -48.29185507316043 -26.571761057522636 -91.4019443036945 0 0 0 0 1.4351132415448418
98.06160379589373 838.7640126472053 72.26288836062923 653.0211274121893 356.1193083773588 662.8164052482896 101.70971212397347 805.4616320033789 17.571698651127633 815.1860769570492 308.7300770337038 852.6458082516178 71.29020852071457 -37.284649467181396 -29.988977537268298 -91.55694871245363 0 0 0 0 0.35411793836807165
315.55617021331767 800.8123678874997 115.7675909357412 638.4921632340048 317.91814411106435 631.7319676964951 152.8072120845712 705.5680451186972 79.20051121782507 775.6073038649763 197.8461738369815 863.7796923386243 -30.329630733121178 -60.71851684848537 95.75004949215585 -89.78562899592934 0 0 0 0 1.124388743567627
332.2128572325382 835.5918755449918 349.1975112399251 792.3201071266378 46.03521705323861 554.1681724374425 91.15352995959745 873.8798010843119 312.8306353100824 865.3505924265414 92.17180971617182 893.0882466340848 -37.25168063861619 64.47512886254603 -0.27315347141308166 98.28107543305592 0 0 0 0 0.061106237860089285
58.113514078115415 534.7980674669054 155.20030692759462 783.7357382894793 119.4817421597854 620.5934442859299 294.6652224701054 655.1570750621439 231.49866736145208 785.5143272110877 187.87283608010375 641.7401327179175 -1.8126202894460448 -7.033269999447327 -61.97951941122246 -13.85320279579878 0 0 0 0 0.01984785731432248
165.8357849146458 792.0242481057257 217.55025407701382 607.9959697796726 59.558036686635056 666.4033937957688 256.9315779471753 724.9003556832298 40.785345983639544 755.636413610664 107.19706708658715 777.6180383980698 -64.78263589757253 -28.793564916833404 -1.3255422092946674 48.944935768745154 0 0 0 0 1.1891498190604626
79.00748696019521 561.5848341590322 6.4475059574030835 881.3714259512931 304.53148615937096 737.9191094589385 189.77179541123007 680.1988719027836 290.57004492475977 708.4527133229562 5.349709604003587 603.2839002411665 5.393185046809762 -68.21286509768115 45.7269108341674 -27.084511976607843 0 0 0 0 -0.6188850548146851
194.60702940868362 696.5886643860686 196.75360056243423 570.8424079483243 67.66229102849609 894.968165259534 216.00750444907698 596.3784779156074 252.23980538428665 895.855156679201 244.31511387522818 650.3619359596546 -5.997300269581785 72.60167393138897 -22.610059076550357 -94.57921114115359 0 0 0 0 1.267377767205451
