351.0673725605011
336.05444741249084
339.05462193489075
336.05305671691895
327.0481204986572
330.05421137809753
318.0525312423706
312.0487222671509
378.06086349487305
336.0550603866577
330.05377650260925
318.05088901519775
306.05037331581116
339.0528635978699
330.050306558609
321.05282950401306
336.05084013938904
324.0475163459778
327.0503726005554
333.05308508872986
312.0476915836334
309.04789996147156
0.0
210.03821229934692
315.05000352859497
0.0
90.0137894153595
315.0470290184021
0.0
120.01636242866516
330.0491111278534
0.0
90.01365327835083
315.0537827014923
0.0
81.01554656028748
330.058881521225
333.0531039237976
324.0541453361511
324.05018639564514
0.0
99.01609373092651
333.05223059654236
0.0
354.0560224056244
333.05203199386597
327.0488042831421
0.0
87.01384353637695
324.0522196292877
0.0
123.02050805091858
339.0528335571289
0.0
90.0128390789032
366.0692684650421
0.0
84.0154139995575
330.05116605758667
0.0
114.02376437187195
336.06254982948303
0.0
114.01829886436462
330.0511083602905
0.0
72.01509165763855
327.0538456439972
0.0
108.01823449134827
336.0532217025757
0.0
12.002411365509033
291.04510855674744
0.0
120.01957154273987
333.0558750629425
0.0
78.01227641105652
333.05114674568176
375.06337237358093
333.05139327049255
324.04702711105347
0.0
93.01720023155212
339.0612015724182
0.0
90.01529359817505
327.0496509075165
0.00010228157043457031
111.01827812194824
333.0488076210022
0.0
87.01228857040405
333.05398893356323
0.0
84.01349091529846
318.04795837402344
0.0
90.01525950431824
327.0514249801636
0.0
90.01459836959839
330.05362582206726
0.0
72.01308512687683
330.04888820648193
0.0
183.0361750125885
321.0497772693634
0.0
81.01385831832886
336.05242371559143
0.0
111.01908087730408
339.05555415153503
0.0
117.01795625686646
330.0491020679474
0.0
108.01640820503235
330.0501329898834
0.0
120.01856780052185
339.0557839870453
0.0
78.01288223266602
246.04566049575806
0.0
81.01330399513245
321.0668921470642
0.0
75.01203441619873
342.05085706710815
0.0
111.03167486190796
345.04958391189575
0.0
96.01473426818848
339.08249139785767
0.0
96.01411414146423
339.0506908893585
0.0
99.01439213752747
339.05222964286804
0.0
102.01579761505127
342.05340480804443
0.0
96.01658892631531
333.0510401725769
0.0
99.01483678817749
336.0504026412964
342.04788613319397
327.0482063293457
321.0493052005768
0.0
78.01202893257141
318.0495910644531
0.0
225.03525185585022
330.05040431022644
0.0
75.01259446144104
336.0566928386688
0.0
93.0302357673645
333.0514361858368
0.0
87.01287746429443
333.04961133003235
0.0
78.0129861831665
321.05112528800964
0.0
0.0
318.05599451065063
0.0
87.01642274856567
339.0586416721344
0.0
63.01071095466614
324.05209732055664
0.0010123252868652344
78.0125584602356
321.05451130867004
0.0
48.00764751434326
186.03842854499817
0.0
78.01135730743408
339.06221055984497
0.0
81.0158953666687
339.0516052246094
0.0
78.0125720500946
327.05005836486816
0.0
81.01209688186646
318.04953360557556
155292.84511590004
0.0
0.0
462.0776414871216
327.0518219470978
306.0488483905792
0.0
78.01315879821777
324.0558874607086
0.0
78.01132225990295
318.0481495857239
0.0
96.0131585597992
333.0643587112427
0.0
81.01254749298096
336.0520815849304
0.0
81.01396465301514
324.05252385139465
0.0
75.01195645332336
330.0528118610382
0.0
99.01578044891357
336.05386781692505
0.0
72.01151895523071
324.05228996276855
0.0
87.0121705532074
333.04943108558655
0.0
78.02646350860596
330.0500204563141
0.0010006427764892578
105.01853775978088
330.05122351646423
0.0
81.01292204856873
324.05314207077026
0.0
81.01193618774414
327.05035495758057
0.0
69.01250171661377
336.05751276016235
0.0
69.0126588344574
327.0535697937012
0.0
66.01077246665955
327.05044960975647
0.0
117.01830768585205
348.05364418029785
0.0
96.0151789188385
330.04886507987976
0.0
102.01552295684814
330.0508780479431
0.0
99.0149176120758
333.048894405365
0.0
102.0165524482727
333.0512943267822
0.0
117.01798248291016
348.0547652244568
0.0
69.01164531707764
330.04884338378906
0.0
0.0
291.0408101081848
0.0
108.0165114402771
330.0521957874298
0.0
84.01331734657288
330.0507869720459
0.0
93.01418805122375
345.0541250705719
0.0
99.01444125175476
333.05151176452637
0.0
72.01065874099731
318.04720091819763
0.0
93.01406002044678
333.0507779121399
0.0
81.01164245605469
333.05361223220825
0.0
78.0126793384552
336.05431032180786
0.0
72.01066160202026
324.04929399490356
0.0
75.01120591163635
339.0523097515106
0.0
99.01542735099792
330.05183601379395
0.0
102.01655530929565
345.0549430847168
0.0
81.01331496238708
330.05158615112305
0.0
78.01149106025696
330.0513913631439
0.0
93.01402020454407
333.05077481269836
0.0
81.01290702819824
324.04993176460266
0.0
75.01234698295593
336.0520877838135
0.0
96.0156078338623
336.0508804321289
0.0
108.01661849021912
351.05381202697754
0.0
78.01240420341492
336.05159854888916
0.0
78.01302695274353
330.0520861148834
0.0
99.01578545570374
336.05480575561523
0.0
117.01935052871704
333.0519280433655
0.0
78.01007747650146
330.07008147239685
0.0
78.01287460327148
330.0535697937012
0.0
105.01788187026978
333.05272936820984
0.0
102.01634216308594
330.05381417274475
0.0
15.002808094024658
303.0616190433502
0.0
90.01498508453369
330.0531601905823
0.0
96.01429557800293
333.0527777671814
0.0
93.0138750076294
351.05182337760925
0.0
81.01312947273254
333.05137515068054
0.0
75.01158571243286
321.0495014190674
0.0
126.0208990573883
360.0578672885895
0.0
78.0135428905487
327.0517225265503
0.0
90.01486444473267
327.0495934486389
0.0
81.01354050636292
321.04863119125366
0.0
150.02468824386597
366.0594174861908
0.0
111.01824045181274
348.05612325668335
0.0
135.02136659622192
339.05504059791565
0.0
135.02182006835938
342.051696062088
0.0
111.01748180389404
336.0530731678009
0.0
99.01627969741821
327.04872965812683
0.0
111.01866102218628
333.0520267486572
0.0
117.0160551071167
342.04989361763
0.0
84.01347756385803
321.04959201812744
0.0
114.01647806167603
339.0510628223419
0.0
117.03519988059998
336.051393032074
0.0
120.01835417747498
339.0508909225464
0.0
180.0271189212799
345.0529487133026
0.0
138.0215241909027
342.05258107185364
0.0
123.01896333694458
342.05097007751465
0.0
120.0207371711731
345.05282711982727
0.0
105.01657199859619
339.0506763458252
0.0
99.01502895355225
333.0692903995514
348.0580904483795
339.0651664733887
336.0600583553314
0.0
75.01159453392029
321.0549740791321
0.0
96.01526761054993
336.0701024532318
0.0
45.00689339637756
318.0506794452667
0.0
72.01157736778259
315.0464389324188
0.0
111.01818823814392
327.0499782562256
0.0
90.01450109481812
318.0470564365387
0.0
78.0133740901947
327.0533263683319
0.0
96.0151207447052
330.049503326416
0.0
87.01378512382507
327.0505197048187
0.0
117.01929473876953
330.05328488349915
0.0
72.02754378318787
336.05184626579285
0.0
63.010376930236816
189.03721857070923
0.0
69.01155352592468
336.05341601371765
0.0
78.01068019866943
327.0494384765625
0.0
105.0165421962738
330.05089116096497
0.0
108.01585245132446
330.04757285118103
0.0
90.01421856880188
336.0542712211609
0.0
78.01425695419312
336.0509316921234
0.0
171.03750157356262
321.0481162071228
0.0
105.01767659187317
342.05578660964966
0.0
96.01505517959595
327.0515224933624
0.0
111.01974272727966
330.0691602230072
0.0
72.01231598854065
312.04673767089844
0.0
81.01522970199585
333.05322337150574
0.0
96.01486945152283
339.0522255897522
0.0
96.01510238647461
306.0811822414398
0.0
93.01371574401855
336.05138063430786
0.0
105.01624393463135
345.05427408218384
0.0
87.01490044593811
333.0463526248932
0.0
90.01444053649902
336.0524697303772
0.0
90.01449346542358
336.053236246109
0.0
87.0129771232605
327.0550606250763
0.0
102.01539278030396
345.0538823604584
0.0
315.06379222869873
369.0549359321594
0.0
105.01598501205444
348.0503363609314
0.0
75.0128538608551
336.05139923095703
0.0
93.01486086845398
348.0507197380066
0.0
75.02090787887573
333.05061054229736
0.0
0.0
342.05209589004517
0.0
90.01279878616333
342.06819558143616
0.0
102.01437759399414
309.06152415275574
0.0
108.01775121688843
345.05347895622253
0.0
0.0
303.04618430137634
0.0
120.01790404319763
348.0652983188629
0.0
93.01322937011719
333.050644159317
0.0
105.01662158966064
345.05004692077637
0.0
105.01777505874634
342.07027554512024
0.0
102.0158679485321
348.0559432506561
0.0
81.01297664642334
330.0501186847687
0.0
99.01661515235901
333.05085277557373
0.0
84.0125584602356
333.05380630493164
0.0
99.01429462432861
339.0532019138336
0.0
105.01715445518494
348.05538511276245
0.0
114.01690864562988
348.06976199150085
0.0
105.01611995697021
348.0553050041199
0.0
114.01761531829834
348.05534982681274
0.0
96.01557111740112
333.05360221862793
0.0
105.01676821708679
333.0549786090851
0.0
132.03192520141602
336.0544686317444
0.0
93.01533627510071
333.05246782302856
0.0
105.01550889015198
345.0559594631195
0.0
117.01897478103638
351.0555667877197
0.0
114.0187726020813
342.0530815124512
0.0
129.01984572410583
342.05452394485474
0.0
117.02025294303894
354.05432391166687
0.0
99.01755094528198
339.0558822154999
0.0
90.01479482650757
336.0521488189697
0.0
123.01974940299988
348.05564737319946
0.0
0.0
333.0528676509857
0.0
120.0177218914032
345.0544743537903
0.0
111.01683211326599
339.0532524585724
0.0
105.01742553710938
342.0521049499512
0.0
147.02401423454285
345.05303931236267
0.0
129.0197310447693
369.07267594337463
0.0
102.01824569702148
339.0516142845154
0.0
132.02078461647034
351.05220198631287
0.0
123.01885795593262
357.0546865463257
0.0
120.01962804794312
348.05288767814636
0.0
102.01712465286255
339.052494764328
351.05599069595337
336.06501030921936
336.05347776412964
0.0
36.0063796043396
318.0506455898285
0.0
0.0
255.0405993461609
0.0
69.01124143600464
336.051552772522
0.0
66.00993466377258
426.0711016654968
0.0
99.01575231552124
330.0505201816559
0.0
66.0096709728241
327.0500900745392
0.0
48.007508993148804
312.048143863678
0.0
90.01460266113281
336.05409693717957
0.0
60.009299993515015
321.04791808128357
0.0
54.00842523574829
324.04849648475647
0.0
63.00960826873779
318.0474650859833
0.0
66.01204419136047
330.0517997741699
0.0
60.011186361312866
324.0522286891937
0.0
99.01713514328003
333.05154180526733
0.0
57.00870490074158
315.05012798309326
0.0
66.01060009002686
324.0517592430115
0.0
156.02809882164001
330.0505554676056
0.0
66.01111650466919
330.050576210022
0.0
54.007832050323486
318.0467879772186
0.0
105.0160071849823
345.0519905090332
0.0
75.01158714294434
336.05309534072876
0.0
78.01271510124207
342.0543329715729
0.0
81.0145514011383
336.0546305179596
0.0
72.01123714447021
324.0522150993347
0.0
45.007813692092896
333.0495502948761
0.0010006427764892578
129.02123951911926
333.05416893959045
0.0
81.01384449005127
345.05514788627625
0.0
117.01841259002686
342.0566141605377
0.0
81.01079487800598
327.05202889442444
0.0
105.01689600944519
339.07010316848755
0.0
78.01209425926208
339.0543022155762
0.0
0.0
258.04057598114014
0.0
78.01172947883606
333.0555205345154
0.0
57.010030031204224
318.05029368400574
0.0
90.01397228240967
339.05665016174316
0.0
75.01339650154114
330.0547294616699
0.0
93.01369333267212
345.0540521144867
0.0
105.01752138137817
348.0582330226898
0.0
105.01516628265381
342.0530185699463
0.0
114.01866054534912
351.05324149131775
0.0
117.03144311904907
336.05075311660767
0.0
99.01633524894714
345.0543169975281
0.0
108.01631379127502
354.0517647266388
0.0
96.01482272148132
336.05421924591064
0.0
102.01679110527039
333.0477616786957
0.0
114.03004550933838
327.0513536930084
0.0
87.01396179199219
330.0505621433258
0.0
81.01354193687439
333.05411982536316
0.0
78.01176905632019
330.0528531074524
0.0
78.01303172111511
333.04768562316895
0.0
111.01698660850525
336.05380845069885
0.0
3.0008182525634766
336.0531556606293
0.0
117.01631474494934
354.0552008152008
0.0
111.01829314231873
345.05487418174744
0.0
132.02041721343994
354.05690598487854
0.0
174.02621459960938
354.0744135379791
0.0
150.02461886405945
354.07063245773315
0.0
156.02604269981384
357.0560266971588
0.0
114.01860284805298
348.05251359939575
0.0
135.02056670188904
345.0543191432953
0.0
117.01652002334595
342.0543704032898
0.0
123.02142882347107
354.05539655685425
0.0
141.02088928222656
351.0581715106964
0.0
135.02339363098145
354.058331489563
0.0
0.0
321.05463886260986
0.0
135.02020716667175
354.0572466850281
0.0
126.01963710784912
351.0545973777771
0.0
33.00464129447937
357.0568115711212
0.0
144.02160167694092
351.05662393569946
0.0
147.0230917930603
354.07229924201965
0.0
117.01784944534302
348.0532968044281
0.0
141.02210330963135
351.0536723136902
0.0
147.02040791511536
354.05332016944885
0.0
129.01939821243286
342.05249977111816
0.0
147.02194571495056
357.0568449497223
0.0
153.02411150932312
360.07299065589905
0.0
0.0
339.0478537082672
0.0
126.02045440673828
333.0530707836151
0.0
288.05900859832764
354.0540635585785
